 1, 1,36,36,1
 34,  8,  449
 34, 33,  449
 32, 11,  450
 34, 32,  451
 36, 32,  451
  9, 34,  451
 35,  8,  452
 34, 12,  452
 33, 13,  452
 36, 29,  452
 33, 32,  452
 27, 36,  452
 27, 37,  452
 20, 38,  452
  3,  5,  453
 35, 11,  453
 35, 17,  453
 33, 29,  453
 30, 32,  453
 31, 33,  453
 33, 33,  453
 30, 34,  453
 32, 34,  453
 33, 34,  453
  5, 35,  453
  9, 35,  453
 21, 35,  453
 33, 35,  453
  9, 36,  453
 30, 36,  453
 34, 36,  453
 34,  9,  454
 36,  9,  454
 35, 14,  454
 33, 26,  454
 35, 27,  454
  3, 30,  454
 31, 30,  454
 32, 31,  454
  7, 32,  454
 31, 32,  454
 35, 32,  454
  6, 33,  454
 30, 33,  454
 31, 34,  454
  3, 35,  454
 32, 35,  454
 12, 36,  454
 23, 36,  454
 29, 36,  454
 31, 37,  454
 11, 38,  454
 27, 38,  454
 25, 39,  454
 35, 12,  455
 34, 18,  455
 34, 19,  455
 38, 27,  455
 35, 28,  455
 30, 31,  455
 37, 31,  455
 11, 32,  455
 26, 33,  455
 35, 34,  455
  7, 35,  455
 14, 35,  455
 34, 35,  455
  4, 36,  455
  5, 36,  455
  8, 36,  455
 29, 38,  455
 32, 38,  455
  3,  6,  456
 33,  6,  456
 38,  7,  456
 35,  9,  456
 34, 10,  456
 34, 16,  456
 34, 17,  456
 36, 18,  456
 37, 18,  456
 37, 19,  456
 35, 20,  456
 34, 21,  456
 37, 21,  456
 35, 22,  456
 37, 25,  456
 32, 26,  456
 36, 26,  456
 31, 27,  456
 32, 29,  456
 34, 30,  456
 35, 30,  456
  3, 31,  456
 27, 31,  456
 34, 31,  456
 37, 32,  456
 18, 33,  456
 25, 33,  456
 29, 33,  456
  6, 34,  456
 28, 34,  456
  6, 35,  456
 10, 35,  456
 11, 35,  456
 24, 35,  456
 10, 36,  456
 33, 36,  456
  7, 37,  456
 20, 37,  456
 30, 37,  456
 32, 37,  456
 33, 37,  456
 33, 38,  456
 28,  1,  457
 33,  5,  457
 38,  5,  457
 32,  6,  457
 36,  6,  457
 31,  7,  457
 34,  7,  457
 37,  7,  457
 32,  9,  457
 38, 10,  457
 37, 11,  457
 38, 11,  457
 38, 12,  457
 36, 13,  457
 37, 14,  457
 33, 15,  457
 38, 15,  457
 39, 17,  457
 35, 18,  457
 38, 18,  457
 39, 18,  457
 38, 21,  457
 35, 23,  457
 35, 25,  457
 36, 25,  457
  2, 27,  457
 34, 28,  457
 31, 29,  457
  2, 30,  457
  7, 30,  457
 38, 30,  457
  5, 31,  457
  9, 31,  457
 31, 31,  457
 35, 31,  457
  5, 32,  457
  9, 32,  457
 29, 32,  457
 32, 32,  457
  8, 33,  457
 11, 33,  457
  3, 34,  457
  7, 34,  457
 34, 34,  457
 36, 34,  457
 15, 35,  457
 20, 35,  457
 23, 35,  457
 31, 35,  457
 35, 35,  457
 16, 36,  457
 22, 36,  457
  8, 37,  457
 14, 37,  457
 15, 37,  457
 17, 37,  457
 29, 39,  457
 31, 39,  457
 26,  3,  458
 37,  3,  458
 34,  5,  458
 31,  6,  458
 35,  6,  458
  1,  7,  458
 30,  7,  458
 33,  7,  458
 33,  8,  458
 38,  9,  458
 39,  9,  458
 35, 10,  458
 34, 11,  458
 32, 12,  458
 36, 12,  458
 37, 12,  458
 34, 13,  458
 33, 17,  458
 40, 19,  458
 36, 22,  458
 37, 24,  458
  6, 25,  458
 34, 25,  458
 37, 26,  458
  5, 28,  458
 31, 28,  458
 36, 28,  458
 29, 30,  458
 33, 30,  458
  1, 31,  458
  4, 31,  458
 28, 31,  458
 36, 31,  458
 40, 31,  458
  3, 32,  458
 15, 33,  458
 32, 33,  458
 36, 33,  458
  4, 34,  458
 14, 34,  458
 15, 34,  458
 19, 34,  458
 29, 34,  458
 17, 35,  458
 29, 35,  458
 30, 35,  458
 37, 35,  458
  7, 36,  458
 11, 36,  458
 19, 36,  458
 24, 36,  458
 32, 36,  458
  4, 37,  458
  5, 37,  458
 21, 37,  458
 29, 37,  458
 23, 38,  458
 25, 38,  458
 28, 38,  458
 13, 40,  458
 28, 40,  458
  2,  4,  459
 32,  4,  459
 36,  4,  459
 39,  5,  459
  4,  6,  459
  7,  6,  459
 34,  6,  459
  2,  7,  459
  4,  7,  459
 31,  8,  459
 37,  8,  459
 33,  9,  459
 36, 10,  459
 33, 11,  459
 36, 11,  459
 39, 11,  459
 33, 12,  459
 38, 13,  459
 39, 13,  459
 37, 15,  459
 39, 15,  459
 36, 16,  459
 37, 16,  459
 36, 17,  459
 37, 17,  459
 38, 17,  459
 34, 20,  459
 37, 20,  459
 33, 22,  459
 38, 22,  459
 32, 24,  459
 35, 24,  459
 39, 24,  459
 32, 25,  459
 34, 26,  459
 40, 26,  459
 33, 27,  459
 33, 28,  459
 37, 28,  459
 39, 28,  459
 37, 29,  459
 39, 29,  459
  5, 30,  459
 32, 30,  459
 36, 30,  459
 29, 31,  459
 33, 31,  459
  5, 33,  459
  9, 33,  459
 10, 33,  459
 24, 33,  459
 27, 33,  459
 28, 33,  459
 22, 34,  459
 25, 34,  459
 26, 34,  459
 16, 35,  459
 18, 35,  459
 28, 35,  459
 13, 36,  459
 17, 36,  459
 28, 36,  459
 17, 38,  459
 30, 38,  459
 32, 39,  459
 11, 40,  459
 10,  1,  460
 30,  1,  460
 37,  1,  460
  3,  3,  460
 33,  3,  460
 31,  4,  460
 33,  4,  460
 24,  5,  460
 28,  5,  460
 30,  5,  460
 35,  5,  460
 37,  5,  460
  5,  6,  460
 39,  6,  460
 29,  7,  460
  4,  8,  460
 32,  8,  460
 38,  8,  460
 29,  9,  460
 33, 10,  460
  2, 11,  460
 31, 11,  460
  1, 12,  460
 39, 12,  460
 31, 13,  460
 31, 14,  460
 36, 14,  460
 32, 15,  460
 34, 15,  460
 36, 15,  460
 35, 16,  460
 31, 17,  460
 40, 17,  460
 33, 18,  460
 36, 19,  460
 34, 22,  460
 38, 25,  460
 32, 27,  460
 34, 27,  460
 35, 29,  460
  4, 30,  460
 37, 30,  460
  7, 31,  460
 38, 31,  460
  4, 32,  460
  6, 32,  460
  8, 32,  460
 21, 32,  460
 24, 32,  460
  4, 33,  460
  7, 33,  460
 16, 33,  460
 20, 33,  460
  8, 34,  460
 12, 34,  460
 13, 34,  460
 16, 34,  460
 24, 34,  460
  4, 35,  460
 13, 35,  460
 19, 35,  460
 36, 35,  460
 20, 36,  460
 21, 36,  460
 25, 36,  460
 36, 36,  460
  2, 37,  460
  9, 37,  460
 10, 37,  460
 12, 37,  460
 22, 37,  460
 26, 37,  460
 35, 37,  460
  7, 38,  460
  9, 38,  460
 12, 38,  460
  4, 39,  460
 10, 39,  460
 18, 39,  460
 28, 39,  460
 15, 40,  460
  3,  2,  461
 32,  2,  461
 33,  2,  461
 30,  3,  461
  8,  4,  461
 27,  4,  461
 35,  4,  461
 37,  4,  461
 29,  5,  461
 31,  5,  461
 32,  5,  461
 36,  5,  461
 10,  6,  461
 37,  6,  461
  6,  7,  461
  3,  8,  461
  5,  8,  461
 36,  8,  461
  7,  9,  461
 32, 10,  461
 30, 13,  461
 35, 13,  461
  3, 14,  461
 38, 14,  461
 40, 14,  461
  3, 15,  461
 35, 19,  461
 32, 22,  461
 33, 23,  461
 36, 23,  461
 38, 23,  461
 40, 23,  461
 30, 24,  461
 38, 24,  461
 31, 25,  461
 38, 26,  461
  7, 27,  461
 36, 27,  461
 37, 27,  461
  2, 28,  461
 29, 28,  461
  2, 29,  461
  5, 29,  461
 10, 29,  461
 28, 29,  461
 29, 29,  461
 34, 29,  461
 38, 29,  461
 11, 30,  461
 39, 31,  461
  2, 32,  461
 12, 32,  461
 15, 32,  461
 17, 32,  461
 20, 32,  461
 40, 32,  461
  3, 33,  461
 13, 33,  461
 17, 33,  461
 21, 33,  461
 23, 33,  461
 35, 33,  461
 18, 34,  461
 27, 34,  461
  1, 35,  461
 12, 35,  461
 25, 35,  461
 26, 35,  461
 27, 35,  461
 39, 35,  461
  6, 36,  461
 15, 36,  461
 31, 36,  461
  6, 37,  461
 16, 37,  461
 19, 37,  461
 24, 37,  461
 34, 37,  461
 36, 37,  461
  2, 38,  461
 10, 38,  461
 22, 38,  461
 24, 38,  461
 26, 38,  461
  5, 39,  461
 27, 39,  461
  8, 40,  461
 30, 40,  461
 31,  1,  462
  1,  3,  462
 21,  3,  462
 32,  3,  462
 39,  3,  462
  9,  4,  462
 29,  4,  462
  6,  5,  462
  8,  5,  462
  2,  6,  462
 28,  6,  462
 30,  6,  462
 38,  6,  462
  3,  7,  462
 32,  7,  462
  8,  8,  462
 29,  8,  462
  2,  9,  462
  5,  9,  462
  6, 10,  462
 40, 11,  462
 34, 14,  462
 35, 15,  462
 38, 16,  462
 39, 16,  462
 40, 16,  462
 33, 19,  462
 39, 19,  462
 33, 20,  462
 38, 20,  462
 39, 20,  462
 39, 21,  462
 40, 22,  462
 37, 23,  462
 34, 24,  462
 33, 25,  462
  3, 26,  462
 40, 27,  462
  3, 28,  462
  7, 28,  462
 30, 28,  462
 32, 28,  462
 10, 30,  462
 30, 30,  462
  8, 31,  462
 10, 31,  462
 11, 31,  462
 12, 31,  462
 24, 31,  462
 26, 31,  462
  1, 32,  462
 16, 32,  462
 18, 32,  462
 22, 32,  462
 26, 32,  462
 27, 32,  462
 38, 32,  462
  2, 33,  462
 19, 33,  462
 37, 33,  462
 11, 34,  462
 23, 34,  462
 37, 34,  462
 38, 35,  462
 14, 36,  462
 18, 36,  462
 26, 36,  462
 35, 36,  462
 18, 37,  462
 25, 37,  462
 37, 37,  462
  8, 38,  462
 15, 38,  462
 16, 38,  462
 19, 38,  462
 31, 38,  462
 14, 39,  462
 19, 39,  462
 30, 39,  462
 21, 40,  462
 29, 40,  462
 13,  1,  463
 29,  1,  463
 32,  1,  463
 19,  2,  463
 24,  2,  463
 34,  2,  463
 37,  2,  463
  7,  3,  463
  9,  3,  463
 27,  3,  463
 31,  3,  463
 35,  3,  463
 36,  3,  463
  3,  4,  463
  5,  4,  463
  7,  4,  463
 10,  4,  463
 23,  4,  463
 28,  4,  463
 34,  4,  463
  5,  5,  463
 30,  8,  463
 40,  8,  463
 31, 10,  463
 37, 10,  463
  5, 13,  463
 32, 13,  463
 33, 14,  463
 33, 16,  463
 31, 18,  463
 31, 20,  463
 35, 21,  463
 34, 23,  463
  5, 24,  463
  6, 24,  463
 31, 24,  463
 36, 24,  463
 40, 24,  463
  7, 26,  463
 35, 26,  463
  9, 27,  463
  8, 30,  463
 21, 30,  463
 22, 30,  463
 28, 30,  463
 39, 30,  463
 15, 31,  463
 22, 31,  463
 10, 32,  463
 13, 32,  463
 14, 32,  463
 19, 32,  463
 28, 32,  463
 14, 33,  463
 38, 33,  463
  1, 34,  463
 20, 34,  463
  2, 35,  463
 22, 35,  463
 38, 36,  463
 13, 37,  463
  6, 38,  463
 13, 38,  463
 14, 38,  463
 18, 38,  463
  8, 39,  463
 11, 39,  463
 19, 40,  463
 23, 40,  463
 25, 40,  463
 14,  1,  464
 34,  1,  464
 35,  1,  464
  5,  2,  464
  6,  2,  464
  9,  2,  464
 31,  2,  464
  4,  3,  464
 23,  3,  464
 34,  3,  464
 38,  3,  464
 20,  4,  464
 30,  4,  464
  2,  5,  464
 18,  5,  464
 26,  5,  464
  5,  7,  464
  7,  7,  464
  9,  7,  464
 35,  7,  464
 36,  7,  464
  2,  8,  464
 31,  9,  464
  2, 10,  464
 30, 11,  464
  3, 12,  464
 29, 12,  464
 31, 12,  464
  1, 13,  464
 37, 13,  464
 40, 13,  464
 39, 14,  464
 32, 16,  464
  3, 17,  464
 32, 17,  464
 32, 18,  464
 36, 20,  464
 33, 21,  464
 36, 21,  464
  6, 22,  464
 30, 22,  464
 32, 23,  464
 39, 23,  464
 30, 26,  464
  3, 27,  464
 30, 27,  464
 39, 27,  464
 24, 28,  464
 27, 28,  464
 28, 28,  464
 38, 28,  464
 40, 28,  464
  9, 29,  464
 30, 29,  464
  1, 30,  464
 26, 30,  464
 27, 30,  464
 19, 31,  464
  2, 34,  464
  5, 34,  464
 10, 34,  464
 21, 34,  464
 38, 34,  464
  8, 35,  464
  3, 36,  464
 37, 36,  464
 39, 36,  464
 11, 37,  464
 23, 37,  464
 28, 37,  464
 38, 37,  464
  5, 38,  464
 35, 38,  464
  6, 39,  464
 13, 39,  464
 15, 39,  464
 16, 39,  464
 20, 39,  464
 21, 39,  464
 14, 40,  464
 22, 40,  464
 24, 40,  464
 31, 40,  464
 32, 40,  464
 16,  1,  465
 26,  1,  465
  1,  2,  465
 13,  2,  465
 14,  2,  465
 17,  2,  465
 27,  2,  465
 36,  2,  465
  6,  3,  465
 10,  3,  465
 13,  3,  465
 15,  3,  465
 18,  3,  465
 28,  3,  465
  1,  4,  465
 19,  4,  465
 24,  6,  465
 29,  6,  465
 40,  7,  465
  6,  8,  465
 39,  8,  465
 39, 10,  465
  3, 11,  465
  4, 11,  465
  4, 12,  465
  4, 14,  465
 32, 14,  465
 30, 15,  465
 40, 15,  465
 31, 16,  465
  6, 18,  465
 31, 19,  465
 38, 19,  465
 32, 20,  465
 40, 20,  465
  4, 22,  465
 31, 22,  465
 37, 22,  465
 33, 24,  465
  3, 25,  465
 31, 26,  465
 39, 26,  465
  1, 28,  465
  4, 29,  465
 11, 29,  465
 21, 29,  465
 24, 29,  465
  6, 30,  465
 17, 30,  465
 40, 30,  465
  2, 31,  465
 14, 31,  465
 39, 33,  465
  1, 36,  465
  3, 37,  465
 34, 38,  465
  9, 39,  465
 22, 39,  465
 26, 39,  465
 33, 39,  465
 20, 40,  465
 33, 40,  465
  9,  1,  466
 15,  1,  466
 25,  1,  466
 10,  2,  466
 11,  2,  466
 12,  2,  466
 20,  2,  466
 23,  2,  466
 30,  2,  466
 35,  2,  466
 38,  2,  466
  2,  3,  466
  5,  3,  466
 29,  3,  466
  4,  4,  466
  6,  4,  466
 11,  4,  466
 21,  4,  466
  7,  5,  466
  9,  5,  466
 11,  5,  466
 12,  5,  466
 13,  5,  466
 11,  7,  466
 28,  7,  466
  7,  8,  466
 27,  8,  466
 28,  8,  466
  4,  9,  466
  6,  9,  466
 37,  9,  466
  4, 10,  466
  5, 10,  466
  2, 12,  466
 30, 12,  466
  1, 15,  466
  1, 16,  466
  5, 16,  466
  1, 18,  466
  3, 19,  466
 31, 21,  466
 32, 21,  466
  3, 22,  466
  6, 23,  466
 29, 23,  466
  3, 24,  466
  5, 25,  466
 40, 25,  466
  2, 26,  466
  5, 27,  466
 29, 27,  466
  3, 29,  466
  6, 29,  466
 40, 29,  466
  9, 30,  466
  6, 31,  466
 13, 31,  466
 23, 31,  466
 23, 32,  466
  1, 33,  466
 12, 33,  466
 22, 33,  466
 39, 34,  466
 39, 37,  466
 17, 39,  466
 24, 39,  466
 34, 39,  466
 35, 39,  466
  9, 40,  466
  4,  1,  467
  7,  2,  467
 18,  2,  467
  8,  3,  467
 14,  3,  467
 22,  3,  467
 25,  3,  467
 12,  4,  467
 14,  4,  467
 25,  4,  467
 26,  4,  467
  4,  5,  467
 10,  5,  467
 14,  5,  467
 27,  5,  467
 13,  6,  467
 15,  6,  467
 16,  6,  467
 22,  6,  467
 25,  6,  467
  8,  7,  467
 26,  7,  467
  1,  8,  467
  9,  8,  467
  8,  9,  467
  7, 10,  467
 29, 11,  467
  2, 13,  467
  5, 14,  467
  4, 15,  467
  5, 15,  467
 30, 17,  467
  2, 18,  467
  2, 19,  467
  2, 21,  467
  3, 21,  467
  6, 21,  467
 30, 21,  467
 40, 21,  467
  1, 22,  467
 39, 22,  467
  3, 23,  467
  4, 23,  467
  8, 24,  467
  1, 25,  467
  4, 25,  467
 30, 25,  467
 39, 25,  467
  1, 27,  467
  4, 27,  467
 27, 27,  467
 26, 28,  467
 15, 29,  467
 13, 30,  467
 14, 30,  467
 16, 31,  467
 18, 31,  467
 40, 33,  467
 17, 34,  467
  4, 38,  467
  2, 39,  467
  7, 40,  467
 17, 40,  467
 34, 40,  467
  6,  1,  468
  8,  1,  468
 23,  1,  468
 24,  1,  468
 33,  1,  468
 36,  1,  468
  4,  2,  468
 28,  2,  468
 19,  3,  468
 15,  4,  468
 22,  4,  468
 38,  4,  468
 39,  4,  468
  1,  6,  468
  8,  6,  468
 27,  7,  468
 39,  7,  468
 10,  8,  468
  3,  9,  468
  1, 10,  468
  3, 10,  468
 28, 10,  468
  1, 11,  468
  7, 13,  468
  2, 14,  468
 30, 14,  468
 30, 16,  468
  1, 17,  468
  4, 17,  468
  3, 18,  468
 30, 18,  468
  5, 19,  468
 30, 19,  468
 32, 19,  468
  1, 20,  468
 29, 20,  468
  2, 22,  468
  1, 24,  468
 28, 24,  468
  1, 26,  468
  6, 26,  468
  6, 27,  468
 28, 27,  468
 12, 29,  468
 13, 29,  468
 20, 29,  468
 12, 30,  468
 17, 31,  468
 25, 31,  468
 25, 32,  468
 39, 32,  468
 40, 34,  468
 21, 38,  468
 36, 38,  468
 39, 38,  468
 12, 39,  468
 23, 39,  468
 12, 40,  468
 16, 40,  468
 26, 40,  468
  2,  1,  469
  5,  1,  469
 12,  1,  469
 20,  1,  469
 27,  1,  469
  8,  2,  469
 16,  3,  469
 40,  3,  469
 13,  4,  469
  1,  5,  469
  6,  6,  469
  9,  6,  469
 12,  6,  469
 23,  6,  469
  9,  9,  469
 30,  9,  469
 29, 10,  469
 30, 10,  469
 40, 10,  469
  7, 11,  469
  5, 12,  469
  6, 12,  469
 40, 12,  469
  3, 13,  469
  8, 13,  469
  7, 14,  469
  3, 16,  469
  4, 16,  469
  5, 17,  469
  6, 19,  469
  2, 20,  469
  5, 20,  469
  2, 25,  469
  8, 27,  469
  9, 28,  469
 11, 28,  469
 22, 28,  469
 15, 30,  469
 16, 30,  469
 18, 30,  469
 23, 30,  469
 20, 31,  469
  2, 36,  469
  3, 38,  469
  7, 39,  469
 36, 39,  469
  2, 40,  469
  6, 40,  469
  1,  1,  470
  3,  1,  470
 11,  1,  470
 18,  1,  470
  2,  2,  470
 29,  2,  470
 12,  3,  470
 16,  4,  470
 17,  5,  470
 25,  5,  470
 12,  7,  470
 14,  7,  470
 22,  7,  470
  1,  9,  470
 10,  9,  470
 27, 10,  470
  6, 11,  470
  4, 13,  470
 29, 13,  470
  6, 15,  470
 31, 15,  470
  5, 18,  470
 40, 18,  470
 28, 19,  470
  3, 20,  470
  4, 20,  470
  4, 21,  470
 31, 23,  470
  4, 24,  470
  7, 25,  470
  5, 26,  470
 26, 26,  470
 29, 26,  470
 26, 27,  470
  4, 28,  470
  6, 28,  470
 10, 28,  470
 17, 28,  470
  1, 29,  470
  8, 29,  470
 16, 29,  470
 26, 29,  470
 27, 29,  470
 19, 30,  470
 20, 30,  470
 25, 30,  470
 21, 31,  470
  1, 37,  470
  3, 40,  470
 18, 40,  470
 27, 40,  470
 37, 40,  470
 19,  1,  471
 15,  2,  471
 16,  2,  471
 11,  3,  471
 17,  3,  471
 24,  3,  471
 18,  4,  471
 40,  4,  471
 20,  5,  471
 16,  7,  471
 11,  9,  471
 40,  9,  471
 10, 10,  471
 11, 10,  471
 10, 11,  471
  7, 12,  471
  6, 13,  471
 28, 13,  471
  1, 14,  471
  2, 16,  471
 29, 16,  471
  2, 17,  471
  1, 21,  471
 29, 21,  471
  5, 23,  471
 30, 23,  471
  7, 24,  471
  4, 26,  471
  8, 26,  471
 28, 26,  471
 10, 27,  471
  8, 28,  471
 12, 28,  471
 14, 29,  471
 23, 29,  471
 25, 29,  471
 40, 35,  471
  4, 40,  471
 21,  1,  472
 38,  1,  472
 22,  2,  472
 39,  2,  472
 20,  3,  472
 17,  4,  472
 24,  4,  472
 40,  5,  472
 14,  6,  472
 19,  6,  472
 27,  6,  472
 10,  7,  472
 25,  7,  472
 22,  8,  472
 25,  8,  472
  5, 11,  472
  7, 15,  472
 28, 15,  472
  6, 16,  472
 29, 17,  472
 29, 18,  472
  1, 19,  472
  4, 19,  472
  5, 21,  472
  2, 23,  472
  8, 25,  472
  9, 25,  472
  7, 29,  472
 24, 30,  472
 38, 38,  472
  1, 39,  472
  3, 39,  472
 10, 40,  472
 17,  1,  473
 22,  1,  473
 21,  5,  473
 22,  5,  473
 18,  6,  473
 23,  7,  473
 11,  8,  473
 12,  8,  473
 13,  8,  473
 26,  8,  473
  8, 10,  473
 27, 11,  473
 28, 11,  473
  8, 12,  473
 11, 12,  473
 29, 14,  473
  2, 15,  473
 27, 15,  473
 28, 16,  473
 28, 17,  473
  7, 19,  473
  1, 23,  473
  9, 26,  473
 19, 28,  473
 21, 28,  473
 23, 28,  473
 40, 36,  473
 40, 37,  473
 37, 38,  473
  5, 40,  473
  7,  1,  474
 39,  1,  474
 21,  2,  474
 25,  2,  474
 11,  6,  474
 17,  6,  474
 20,  6,  474
 40,  6,  474
 17,  8,  474
 24,  8,  474
 25, 10,  474
  8, 11,  474
  9, 11,  474
 28, 12,  474
  9, 13,  474
  8, 14,  474
  8, 15,  474
 29, 15,  474
  4, 18,  474
 29, 19,  474
  6, 20,  474
 30, 20,  474
 10, 25,  474
 28, 25,  474
 13, 28,  474
 25, 28,  474
 17, 29,  474
 18, 29,  474
 37, 39,  474
  1, 40,  474
 36, 40,  474
 17,  7,  475
 21,  7,  475
 14,  8,  475
 12,  9,  475
 18,  9,  475
 26,  9,  475
 12, 10,  475
 26, 10,  475
 10, 12,  475
  6, 14,  475
 28, 14,  475
  7, 16,  475
  7, 18,  475
  7, 20,  475
  5, 22,  475
 29, 22,  475
 28, 23,  475
 29, 24,  475
 29, 25,  475
 10, 26,  475
 11, 26,  475
 14, 28,  475
  1, 38,  475
 40,  2,  476
 23,  5,  476
 21,  6,  476
 26,  6,  476
 13,  7,  476
 19,  7,  476
 24,  7,  476
 27,  9,  476
 28,  9,  476
  9, 10,  476
  9, 14,  476
  8, 16,  476
  6, 17,  476
  9, 18,  476
 28, 20,  476
  7, 23,  476
  9, 24,  476
 27, 24,  476
 22, 27,  476
 23, 27,  476
 20, 28,  476
 19, 29,  476
 35, 40,  476
 26,  2,  477
 18,  7,  477
 23,  8,  477
  9, 12,  477
  7, 22,  477
  8, 23,  477
  2, 24,  477
 23, 26,  477
 27, 26,  477
 19, 27,  477
 16, 28,  477
 15,  5,  478
 16,  5,  478
 15,  7,  478
 18,  8,  478
 21,  8,  478
 22, 10,  478
 27, 19,  478
  8, 22,  478
 12, 27,  478
 18, 28,  478
 22, 29,  478
 19,  5,  479
 20,  7,  479
 19,  8,  479
 23,  9,  479
 24,  9,  479
 23, 10,  479
 24, 10,  479
 27, 12,  479
 10, 13,  479
  8, 17,  479
  7, 21,  479
 28, 22,  479
 11, 25,  479
 24, 25,  479
 26, 25,  479
 27, 25,  479
 13, 27,  479
 14, 27,  479
 18, 27,  479
 24, 27,  479
 40, 38,  479
 38, 39,  479
 39, 39,  479
 15,  8,  480
 14, 10,  480
 23, 11,  480
 27, 14,  480
  9, 16,  480
  8, 18,  480
 26, 18,  480
 10, 20,  480
 28, 21,  480
 27, 23,  480
 25, 25,  480
 19, 26,  480
 17, 27,  480
 25, 27,  480
 15, 28,  480
 40, 39,  480
 19,  9,  481
 25,  9,  481
 27, 16,  481
  9, 17,  481
  8, 21,  481
 17, 26,  481
 25, 26,  481
 11, 27,  481
 38, 40,  481
 39, 40,  481
 40,  1,  482
 16,  8,  482
 21,  9,  482
 18, 10,  482
  7, 17,  482
 27, 18,  482
  8, 19,  482
 27, 20,  482
  9, 23,  482
 12, 26,  482
 17,  9,  483
 20,  9,  483
 25, 11,  483
 27, 13,  483
 26, 14,  483
 10, 22,  483
 24, 26,  483
 16, 27,  483
 20,  8,  484
 12, 11,  484
 26, 11,  484
 12, 12,  484
 11, 13,  484
  9, 15,  484
 10, 15,  484
 26, 16,  484
 28, 18,  484
 26, 22,  484
 25, 24,  484
 26, 24,  484
 12, 25,  484
 15,  9,  485
 16,  9,  485
 13, 10,  485
 11, 11,  485
 26, 12,  485
 26, 13,  485
 12, 14,  485
 27, 17,  485
  9, 19,  485
  8, 20,  485
  9, 21,  485
 27, 22,  485
 10, 24,  485
 11, 24,  485
 24, 24,  485
 15, 26,  485
 22, 26,  485
 20, 27,  485
 21, 27,  485
 40, 40,  485
 14,  9,  486
 11, 15,  486
 26, 15,  486
 26, 21,  486
 10, 23,  486
 13, 26,  486
 20, 11,  487
 25, 12,  487
 10, 14,  487
 10, 19,  487
  9, 20,  487
 27, 21,  487
  9, 22,  487
 26, 23,  487
 21, 26,  487
 16, 10,  488
 22, 11,  488
 24, 11,  488
 10, 21,  488
 14, 26,  488
 24, 13,  489
 11, 22,  489
 16, 26,  489
 15, 27,  489
 13,  9,  490
 22,  9,  490
 17, 11,  490
 25, 13,  490
 10, 16,  490
 26, 17,  490
 10, 18,  490
 11, 20,  490
 12, 21,  490
 11, 23,  490
 13, 25,  490
 15, 10,  491
 20, 10,  491
 17, 10,  492
 19, 10,  492
 13, 12,  492
 25, 15,  492
 11, 18,  492
 18, 26,  492
 21, 10,  493
 14, 11,  493
 15, 11,  493
 13, 13,  493
 25, 14,  493
 25, 22,  493
 23, 12,  494
 12, 15,  494
 23, 24,  494
 14, 25,  494
 12, 13,  495
 12, 19,  495
 12, 22,  495
 24, 23,  495
 15, 25,  495
 16, 11,  496
 24, 14,  496
 10, 17,  496
 25, 21,  496
 13, 23,  496
 13, 11,  497
 21, 11,  497
 14, 13,  497
 25, 16,  497
 25, 23,  497
 13, 24,  497
 18, 25,  497
 20, 26,  497
 24, 12,  498
 24, 18,  498
 11, 19,  498
 24, 22,  498
 18, 11,  499
 15, 12,  499
 16, 12,  499
 11, 14,  499
 11, 16,  499
 12, 16,  499
 12, 24,  499
 14, 24,  499
 15, 24,  499
 17, 25,  499
 19, 11,  500
 26, 19,  500
 16, 25,  500
 23, 25,  500
 12, 17,  501
 25, 18,  501
 20, 25,  501
 14, 12,  502
 21, 12,  502
 13, 14,  502
 12, 23,  502
 25, 17,  503
 13, 21,  503
 21, 24,  503
 16, 13,  504
 23, 13,  504
 24, 19,  504
 11, 21,  504
 19, 25,  504
 22, 25,  504
 22, 13,  505
 25, 19,  505
 12, 20,  505
 25, 20,  505
 24, 21,  505
 22, 24,  505
 19, 12,  506
 20, 12,  506
 15, 13,  506
 11, 17,  506
 13, 22,  506
 23, 22,  506
 23, 23,  506
 21, 25,  506
 24, 20,  507
 26, 20,  507
 16, 24,  507
 22, 12,  508
 23, 14,  508
 14, 15,  508
 24, 16,  508
 17, 12,  510
 24, 17,  510
 12, 18,  510
 18, 12,  511
 14, 14,  511
 20, 24,  511
 21, 14,  512
 13, 19,  512
 14, 22,  512
 16, 23,  512
 22, 22,  514
 14, 23,  514
 18, 23,  514
 24, 15,  515
 13, 17,  515
 19, 24,  515
 22, 15,  517
 13, 20,  517
 23, 21,  517
 22, 23,  517
 21, 13,  518
 13, 16,  518
 23, 17,  518
 15, 23,  518
 23, 15,  519
 15, 21,  519
 15, 22,  519
 21, 23,  519
 18, 24,  519
 17, 14,  521
 13, 18,  522
 22, 21,  522
 17, 24,  522
 17, 13,  523
 16, 14,  523
 21, 16,  523
 19, 13,  524
 15, 14,  524
 22, 14,  524
 13, 15,  524
 14, 16,  525
 23, 18,  526
 14, 20,  527
 14, 21,  527
 19, 14,  528
 16, 22,  528
 18, 14,  530
 15, 15,  530
 18, 13,  531
 21, 15,  531
 23, 16,  531
 14, 17,  531
 17, 23,  531
 19, 23,  531
 21, 22,  532
 20, 22,  533
 14, 19,  536
 23, 20,  536
 22, 18,  538
 20, 13,  542
 15, 17,  542
 20, 14,  543
 15, 16,  544
 16, 15,  545
 23, 19,  545
 19, 22,  545
 22, 17,  549
 15, 20,  550
 20, 23,  551
 22, 16,  552
 14, 18,  553
 17, 15,  555
 16, 21,  557
 22, 19,  564
 20, 15,  566
 16, 19,  568
 16, 16,  569
 18, 15,  575
 22, 20,  671
 18, 22,  672
 20, 16,  680
 21, 21,  681
 18, 21,  685
 15, 19,  687
 17, 22,  687
 21, 18,  688
 21, 17,  690
 20, 20,  692
 19, 16,  694
 17, 21,  694
 21, 19,  696
 19, 15,  698
 17, 16,  698
 16, 20,  698
 19, 19,  700
 15, 18,  701
 20, 19,  701
 16, 17,  702
 16, 18,  703
 18, 19,  703
 17, 20,  703
 19, 17,  704
 20, 21,  704
 21, 20,  705
 18, 20,  706
 17, 17,  709
 20, 17,  709
 17, 18,  710
 19, 18,  710
 20, 18,  710
 19, 20,  710
 19, 21,  710
 18, 17,  711
 17, 19,  712
 18, 16,  714
 18, 18,  716
