19,13,21,21,1
 24, 20,  448
 25, 18,  449
 16, 20,  449
 26, 21,  449
 24, 23,  449
 15, 35,  449
 31, 35,  449
 19, 18,  450
 24, 18,  450
 18, 20,  450
 16, 21,  450
 17, 21,  450
 27, 21,  450
 17, 22,  450
 19, 22,  450
 28, 23,  450
 34, 24,  450
 33, 25,  450
 33, 27,  450
 13, 28,  450
 32, 31,  450
 30, 18,  451
 23, 19,  451
 23, 21,  451
 28, 21,  451
 31, 21,  451
 33, 21,  451
 22, 22,  451
 17, 23,  451
 31, 23,  451
 26, 24,  451
 32, 25,  451
 34, 25,  451
 13, 27,  451
 14, 28,  451
 15, 31,  451
 33, 31,  451
 33, 32,  451
 29, 33,  451
 34, 33,  451
 30, 35,  451
 33, 35,  451
 25, 14,  452
 27, 17,  452
 21, 18,  452
 23, 18,  452
 18, 19,  452
 21, 19,  452
 20, 21,  452
 25, 21,  452
 30, 21,  452
 15, 22,  452
 16, 22,  452
 29, 22,  452
 13, 23,  452
 14, 24,  452
 15, 24,  452
 16, 24,  452
 21, 24,  452
 24, 24,  452
 31, 24,  452
 33, 24,  452
 15, 25,  452
 15, 26,  452
 31, 26,  452
 17, 27,  452
 29, 27,  452
 18, 28,  452
 30, 29,  452
 31, 29,  452
 30, 31,  452
 31, 31,  452
 14, 32,  452
 30, 32,  452
 31, 33,  452
 33, 33,  452
 14, 35,  452
 16, 35,  452
 29, 36,  452
 16, 37,  452
 28, 17,  453
 30, 17,  453
 10, 19,  453
 13, 19,  453
 17, 19,  453
 26, 19,  453
 27, 19,  453
 15, 20,  453
 32, 20,  453
 22, 21,  453
 29, 21,  453
 30, 22,  453
 31, 22,  453
 15, 23,  453
 16, 23,  453
 30, 23,  453
 13, 24,  453
 17, 24,  453
 28, 24,  453
 30, 24,  453
 31, 25,  453
 13, 26,  453
 17, 26,  453
 28, 26,  453
 29, 26,  453
 34, 26,  453
 37, 26,  453
 31, 28,  453
 32, 28,  453
 12, 29,  453
 13, 29,  453
 33, 29,  453
 30, 30,  453
 32, 30,  453
 29, 32,  453
 26, 34,  453
 29, 34,  453
 30, 34,  453
 32, 34,  453
 29, 35,  453
 32, 36,  453
 17, 39,  453
 17, 16,  454
 21, 17,  454
 22, 17,  454
 15, 18,  454
 15, 19,  454
 29, 19,  454
 14, 20,  454
 20, 20,  454
 25, 20,  454
 26, 20,  454
 27, 20,  454
 28, 20,  454
 35, 20,  454
 15, 21,  454
 19, 21,  454
 32, 21,  454
 14, 22,  454
 24, 22,  454
 28, 22,  454
 10, 23,  454
 11, 23,  454
 20, 23,  454
 25, 23,  454
 27, 23,  454
 33, 23,  454
 12, 24,  454
 19, 24,  454
 11, 25,  454
 16, 25,  454
 19, 25,  454
 27, 25,  454
 30, 25,  454
 36, 25,  454
 12, 26,  454
 16, 26,  454
 33, 26,  454
 14, 27,  454
 20, 27,  454
 31, 27,  454
 34, 27,  454
 14, 29,  454
 32, 29,  454
 33, 30,  454
 34, 30,  454
 12, 33,  454
 13, 33,  454
 23, 33,  454
 28, 33,  454
 37, 33,  454
 19, 34,  454
 33, 34,  454
 17, 35,  454
 32, 35,  454
 16, 36,  454
 31, 36,  454
 21, 38,  454
 16, 39,  454
 26, 15,  455
 28, 16,  455
 29, 16,  455
 23, 17,  455
 26, 17,  455
 31, 18,  455
 20, 19,  455
 25, 19,  455
 28, 19,  455
 31, 19,  455
 11, 20,  455
 13, 20,  455
 21, 20,  455
 22, 20,  455
 29, 20,  455
 13, 21,  455
 14, 21,  455
 21, 21,  455
 35, 21,  455
 13, 22,  455
 21, 22,  455
 34, 22,  455
 21, 23,  455
 22, 23,  455
 29, 23,  455
 36, 23,  455
 35, 24,  455
 13, 25,  455
 14, 25,  455
 17, 25,  455
 14, 26,  455
 32, 26,  455
 36, 26,  455
 12, 27,  455
 16, 27,  455
 12, 28,  455
 35, 28,  455
 16, 29,  455
 13, 30,  455
 31, 30,  455
 12, 32,  455
 17, 32,  455
 27, 32,  455
 10, 33,  455
 18, 33,  455
 13, 34,  455
 14, 34,  455
 31, 34,  455
 13, 35,  455
 20, 36,  455
 29, 37,  455
 13, 17,  456
 16, 17,  456
 17, 17,  456
 18, 17,  456
 20, 17,  456
 24, 17,  456
 32, 17,  456
 14, 18,  456
 17, 18,  456
 18, 18,  456
 20, 18,  456
 28, 18,  456
 32, 18,  456
 33, 18,  456
 16, 19,  456
 22, 19,  456
 24, 19,  456
 33, 19,  456
 34, 19,  456
 17, 20,  456
 23, 20,  456
 30, 20,  456
 24, 21,  456
 34, 21,  456
 12, 22,  456
 18, 22,  456
 25, 22,  456
 27, 22,  456
 32, 22,  456
 12, 23,  456
 18, 23,  456
 19, 23,  456
 32, 23,  456
 11, 24,  456
 20, 24,  456
 27, 24,  456
 10, 25,  456
 12, 25,  456
 22, 25,  456
 24, 25,  456
 26, 25,  456
 28, 25,  456
 35, 25,  456
 21, 26,  456
 35, 26,  456
 18, 27,  456
 32, 27,  456
 11, 28,  456
 30, 28,  456
 33, 28,  456
 34, 28,  456
 11, 29,  456
 16, 30,  456
 29, 30,  456
 34, 31,  456
 13, 32,  456
 16, 32,  456
 34, 32,  456
 17, 33,  456
 19, 33,  456
 27, 33,  456
 18, 35,  456
 24, 35,  456
 18, 36,  456
 23, 36,  456
 26, 36,  456
 33, 36,  456
 17, 37,  456
 31, 37,  456
 16, 38,  456
 17, 38,  456
 28, 38,  456
 33, 39,  456
 16, 16,  457
 25, 16,  457
 15, 17,  457
 25, 17,  457
 29, 17,  457
 31, 17,  457
 35, 17,  457
 22, 18,  457
 26, 18,  457
 29, 18,  457
 35, 18,  457
 11, 19,  457
 12, 19,  457
 19, 19,  457
 32, 19,  457
 31, 20,  457
 33, 20,  457
 11, 22,  457
 20, 22,  457
 23, 22,  457
 26, 22,  457
 33, 22,  457
 14, 23,  457
 26, 23,  457
 34, 23,  457
 25, 24,  457
 29, 24,  457
 32, 24,  457
 36, 24,  457
 23, 25,  457
 29, 25,  457
 11, 26,  457
  9, 27,  457
 15, 27,  457
 22, 27,  457
 26, 27,  457
 28, 27,  457
 30, 27,  457
  9, 28,  457
 10, 28,  457
 27, 28,  457
 28, 28,  457
 29, 28,  457
 10, 29,  457
 18, 29,  457
 28, 29,  457
 29, 29,  457
 11, 30,  457
 12, 30,  457
 14, 30,  457
 15, 30,  457
 17, 30,  457
 35, 30,  457
  9, 31,  457
 11, 31,  457
 12, 31,  457
 13, 31,  457
 14, 31,  457
 27, 31,  457
 28, 31,  457
 35, 31,  457
 19, 32,  457
 32, 32,  457
 35, 32,  457
 16, 33,  457
 30, 33,  457
 11, 34,  457
 15, 34,  457
 17, 34,  457
 22, 35,  457
 36, 35,  457
 10, 36,  457
 11, 36,  457
 13, 36,  457
 15, 36,  457
 21, 36,  457
 25, 36,  457
 30, 36,  457
 25, 37,  457
 34, 37,  457
 27, 38,  457
 19, 40,  457
 20, 40,  457
 17, 14,  458
 20, 15,  458
 30, 15,  458
 27, 16,  458
 30, 16,  458
 27, 18,  458
 14, 19,  458
 30, 19,  458
 19, 20,  458
 34, 20,  458
 35, 22,  458
  9, 24,  458
 22, 24,  458
 23, 24,  458
 21, 25,  458
  9, 26,  458
 26, 26,  458
 10, 27,  458
 11, 27,  458
 15, 29,  458
 17, 29,  458
 23, 29,  458
 27, 29,  458
 34, 29,  458
 10, 30,  458
 36, 30,  458
 16, 31,  458
 38, 31,  458
 15, 32,  458
 26, 32,  458
 31, 32,  458
  9, 33,  458
 11, 33,  458
 24, 33,  458
 32, 33,  458
 25, 34,  458
 21, 35,  458
 28, 35,  458
 35, 35,  458
 12, 36,  458
 14, 36,  458
 22, 36,  458
 27, 36,  458
 28, 36,  458
 18, 37,  458
 32, 37,  458
 22, 38,  458
 25, 38,  458
 32, 38,  458
 23, 39,  458
 30, 39,  458
 36, 39,  458
 26, 40,  458
 27, 14,  459
 17, 15,  459
 19, 15,  459
 21, 15,  459
 24, 15,  459
 12, 16,  459
 18, 16,  459
 19, 16,  459
 20, 16,  459
 24, 16,  459
 31, 16,  459
 13, 18,  459
 12, 20,  459
 36, 20,  459
 11, 21,  459
 12, 21,  459
 18, 21,  459
 10, 22,  459
 36, 22,  459
 35, 23,  459
 37, 23,  459
 18, 25,  459
 30, 26,  459
 35, 27,  459
 16, 28,  459
 19, 29,  459
  9, 30,  459
 19, 30,  459
 26, 30,  459
 10, 31,  459
 24, 31,  459
 10, 32,  459
 36, 32,  459
 14, 33,  459
  9, 34,  459
 10, 34,  459
 12, 34,  459
 16, 34,  459
 35, 34,  459
 37, 34,  459
 11, 35,  459
 20, 35,  459
 26, 35,  459
 34, 36,  459
 35, 36,  459
 12, 37,  459
 13, 37,  459
 14, 37,  459
 19, 37,  459
 20, 37,  459
 21, 37,  459
 22, 37,  459
 15, 39,  459
 19, 39,  459
 29, 39,  459
 16, 40,  459
 17, 13,  460
 23, 13,  460
 29, 14,  460
 14, 15,  460
 15, 15,  460
 16, 15,  460
 15, 16,  460
 21, 16,  460
 23, 16,  460
 26, 16,  460
 10, 17,  460
 14, 17,  460
 16, 18,  460
 34, 18,  460
  9, 22,  460
 37, 22,  460
  8, 23,  460
  9, 23,  460
  8, 24,  460
 10, 24,  460
 22, 26,  460
 23, 26,  460
 24, 27,  460
 27, 27,  460
 36, 27,  460
 15, 28,  460
 17, 28,  460
 19, 28,  460
 21, 29,  460
 35, 29,  460
 24, 30,  460
 25, 30,  460
 17, 31,  460
 18, 31,  460
 29, 31,  460
 36, 31,  460
 11, 32,  460
 22, 32,  460
 15, 33,  460
 35, 33,  460
 20, 34,  460
 27, 34,  460
 34, 35,  460
 24, 36,  460
 26, 37,  460
 27, 37,  460
 14, 38,  460
 15, 38,  460
 18, 38,  460
 20, 38,  460
 26, 38,  460
 27, 39,  460
 17, 40,  460
 18, 15,  461
 22, 15,  461
 28, 15,  461
 31, 15,  461
 33, 16,  461
 12, 18,  461
 35, 19,  461
 10, 20,  461
 23, 23,  461
 18, 24,  461
 39, 24,  461
  9, 25,  461
 10, 26,  461
 18, 26,  461
 19, 26,  461
 20, 26,  461
 23, 27,  461
  8, 28,  461
 20, 28,  461
 23, 28,  461
 36, 28,  461
 36, 29,  461
 37, 29,  461
 28, 30,  461
 26, 31,  461
 20, 33,  461
 26, 33,  461
 22, 34,  461
 28, 34,  461
 34, 34,  461
 19, 35,  461
 17, 36,  461
 10, 37,  461
 15, 37,  461
 23, 37,  461
 24, 37,  461
 30, 37,  461
 11, 38,  461
 23, 38,  461
 31, 38,  461
 33, 38,  461
 14, 39,  461
 20, 39,  461
 21, 39,  461
 24, 39,  461
 26, 39,  461
 14, 40,  461
 15, 40,  461
 22, 40,  461
 15, 13,  462
 28, 13,  462
 19, 14,  462
 23, 15,  462
 32, 15,  462
 14, 16,  462
 32, 16,  462
 34, 16,  462
  9, 17,  462
 12, 17,  462
 19, 17,  462
 36, 17,  462
 11, 18,  462
  9, 20,  462
 10, 21,  462
 38, 22,  462
 38, 23,  462
 20, 25,  462
 25, 25,  462
 24, 26,  462
  7, 27,  462
 19, 27,  462
 25, 29,  462
 18, 30,  462
 23, 30,  462
 18, 32,  462
 28, 32,  462
 37, 32,  462
 22, 33,  462
 25, 33,  462
 36, 33,  462
 18, 34,  462
 21, 34,  462
 12, 35,  462
 25, 35,  462
 28, 37,  462
 12, 38,  462
 19, 38,  462
 24, 38,  462
 34, 38,  462
 35, 38,  462
 18, 39,  462
 25, 39,  462
 28, 39,  462
 28, 40,  462
 28, 12,  463
 30, 13,  463
 13, 14,  463
 18, 14,  463
 23, 14,  463
 27, 15,  463
 33, 17,  463
  9, 18,  463
 36, 19,  463
  9, 21,  463
 37, 21,  463
  8, 25,  463
  8, 26,  463
 25, 26,  463
 27, 26,  463
 38, 26,  463
 25, 27,  463
 37, 27,  463
 38, 27,  463
 39, 27,  463
  7, 28,  463
 21, 28,  463
 22, 28,  463
 24, 28,  463
 25, 28,  463
  8, 29,  463
 22, 29,  463
 24, 29,  463
  8, 30,  463
 27, 30,  463
 38, 30,  463
 19, 31,  463
 20, 32,  463
 21, 32,  463
 24, 32,  463
 25, 32,  463
 36, 34,  463
 10, 35,  463
 27, 35,  463
 19, 36,  463
 11, 37,  463
 35, 37,  463
 13, 38,  463
 30, 38,  463
 22, 39,  463
 13, 40,  463
 23, 40,  463
 27, 40,  463
 29, 40,  463
 30, 40,  463
 16, 13,  464
 25, 13,  464
 29, 13,  464
 14, 14,  464
 21, 14,  464
 26, 14,  464
 29, 15,  464
 13, 16,  464
 34, 17,  464
 36, 18,  464
 37, 19,  464
 38, 21,  464
 38, 24,  464
 37, 25,  464
  8, 27,  464
 26, 28,  464
 37, 28,  464
 26, 29,  464
 37, 30,  464
  8, 31,  464
 21, 31,  464
 25, 31,  464
  9, 32,  464
 23, 32,  464
 21, 33,  464
 23, 34,  464
 24, 34,  464
 38, 34,  464
 23, 35,  464
 36, 37,  464
 32, 39,  464
 37, 39,  464
 29, 12,  465
 13, 15,  465
 25, 15,  465
 35, 15,  465
 11, 16,  465
 22, 16,  465
 37, 18,  465
 36, 21,  465
 40, 28,  465
 38, 29,  465
 20, 30,  465
 21, 30,  465
 20, 31,  465
  8, 32,  465
 38, 33,  465
 36, 36,  465
 33, 37,  465
 37, 37,  465
 29, 38,  465
 32, 40,  465
 25, 12,  466
 18, 13,  466
 31, 13,  466
 22, 14,  466
 24, 14,  466
 30, 14,  466
 11, 17,  466
  8, 19,  466
 37, 20,  466
  7, 22,  466
  6, 25,  466
 38, 25,  466
  7, 26,  466
 21, 27,  466
 38, 28,  466
 40, 29,  466
  7, 30,  466
 22, 31,  466
 23, 31,  466
 37, 31,  466
 40, 33,  466
  9, 36,  466
 36, 38,  466
 11, 39,  466
 34, 40,  466
 18, 12,  467
 24, 12,  467
 19, 13,  467
 20, 13,  467
 24, 13,  467
 27, 13,  467
  9, 14,  467
 12, 14,  467
 20, 14,  467
 35, 14,  467
 33, 15,  467
 34, 15,  467
 38, 18,  467
  7, 21,  467
  7, 23,  467
  6, 24,  467
  7, 24,  467
 37, 24,  467
 39, 28,  467
 20, 29,  467
 22, 30,  467
  7, 31,  467
 38, 32,  467
  7, 33,  467
  7, 34,  467
 37, 38,  467
 12, 39,  467
 11, 40,  467
 12, 40,  467
 24, 40,  467
 19, 12,  468
 35, 16,  468
 10, 18,  468
  8, 20,  468
  6, 22,  468
  8, 22,  468
  7, 25,  468
  9, 29,  468
  6, 30,  468
 39, 31,  468
 39, 32,  468
  8, 34,  468
 38, 35,  468
  7, 36,  468
  8, 37,  468
  8, 38,  468
 10, 38,  468
  9, 39,  468
 13, 39,  468
 35, 39,  468
 18, 40,  468
 25, 40,  468
 33, 40,  468
 19, 11,  469
 21, 13,  469
 22, 13,  469
 26, 13,  469
 32, 13,  469
  9, 15,  469
 36, 15,  469
 37, 16,  469
  7, 20,  469
  8, 21,  469
  6, 23,  469
 39, 25,  469
  7, 29,  469
  8, 33,  469
 39, 34,  469
  9, 35,  469
 38, 36,  469
 39, 36,  469
 10, 39,  469
 31, 39,  469
 10, 40,  469
 21, 40,  469
 31, 40,  469
 15, 12,  470
 17, 12,  470
 27, 12,  470
 15, 14,  470
 31, 14,  470
 32, 14,  470
 33, 14,  470
 10, 15,  470
 12, 15,  470
  9, 19,  470
  6, 21,  470
 39, 23,  470
 39, 26,  470
 40, 26,  470
 39, 29,  470
 39, 30,  470
 40, 30,  470
 40, 31,  470
  7, 32,  470
 37, 35,  470
 34, 39,  470
 20, 12,  471
 21, 12,  471
 23, 12,  471
 16, 14,  471
 34, 14,  471
 11, 15,  471
  7, 18,  471
  6, 20,  471
 39, 22,  471
 40, 23,  471
 40, 24,  471
 39, 33,  471
  7, 35,  471
  8, 35,  471
 39, 35,  471
 37, 36,  471
 39, 37,  471
 18, 11,  472
 28, 14,  472
 10, 16,  472
  6, 19,  472
 39, 19,  472
 38, 20,  472
 39, 20,  472
 40, 20,  472
  6, 28,  472
  6, 29,  472
  5, 31,  472
  6, 31,  472
  6, 35,  472
 38, 37,  472
 38, 38,  472
 36, 40,  472
 31, 12,  473
 13, 13,  473
 36, 16,  473
  8, 17,  473
 37, 17,  473
  7, 19,  473
 40, 27,  473
  9, 37,  473
  9, 38,  473
 14, 12,  474
 16, 12,  474
 32, 12,  474
 14, 13,  474
 40, 21,  474
  5, 24,  474
  4, 26,  474
  6, 26,  474
  6, 33,  474
  6, 36,  474
 17, 11,  475
 31, 11,  475
 22, 12,  475
 12, 13,  475
 34, 13,  475
  8, 15,  475
  9, 16,  475
  6, 18,  475
 40, 22,  475
  5, 29,  475
  5, 33,  475
  8, 36,  475
 39, 38,  475
 20, 11,  476
 24, 11,  476
 28, 11,  476
 30, 11,  476
 11, 12,  476
 26, 12,  476
 30, 12,  476
 33, 13,  476
 10, 14,  476
  8, 18,  476
 39, 21,  476
  5, 22,  476
  6, 27,  476
  5, 28,  476
  5, 32,  476
  6, 34,  476
  5, 35,  476
  6, 39,  476
  8, 39,  476
 25, 11,  477
 34, 12,  477
 10, 13,  477
 35, 13,  477
 37, 15,  477
  5, 23,  477
 40, 25,  477
 40, 32,  477
 40, 35,  477
  9, 40,  477
 35, 40,  477
 37, 40,  477
 25,  9,  478
 26, 11,  478
 11, 13,  478
 11, 14,  478
 38, 17,  478
  6, 32,  478
 40, 36,  478
  7, 38,  478
 38, 40,  478
 23, 10,  479
 26, 10,  479
 22, 11,  479
 27, 11,  479
 33, 12,  479
 39, 17,  479
  5, 19,  479
 38, 19,  479
 40, 37,  479
 40, 39,  479
 19, 10,  480
 25, 10,  480
 27, 10,  480
 14, 11,  480
 16, 11,  480
 23, 11,  480
 40, 19,  480
  4, 25,  480
  4, 27,  480
  5, 30,  480
  5, 34,  480
  5, 38,  480
 39, 39,  480
 22,  9,  481
 17, 10,  481
 28, 10,  481
 15, 11,  481
 21, 11,  481
 37, 12,  481
 36, 14,  481
 38, 16,  481
  7, 17,  481
  5, 25,  481
  5, 26,  481
  5, 27,  481
 40, 34,  481
  7, 37,  481
  6, 38,  481
 38, 39,  481
 18, 10,  482
 24, 10,  482
 13, 12,  482
  7, 15,  482
  7, 16,  482
  4, 28,  482
  3, 31,  482
  8, 40,  482
 20, 10,  483
 29, 11,  483
  8, 14,  483
 39, 18,  483
 40, 18,  483
  5, 20,  483
  4, 30,  483
  4, 33,  483
 40, 38,  483
  7, 39,  483
  7, 40,  483
 30,  9,  484
 34, 11,  484
 37, 13,  484
  6, 17,  484
  4, 24,  484
  4, 31,  484
 22, 10,  485
 29, 10,  485
 10, 12,  485
 36, 13,  485
 39, 15,  485
  6, 16,  485
  8, 16,  485
  3, 19,  485
  4, 21,  485
  5, 21,  485
  5, 37,  485
  6, 37,  485
 30, 10,  486
 35, 12,  486
 37, 14,  486
 39, 16,  486
  3, 26,  486
  5, 36,  486
 15,  9,  487
 29,  9,  487
 12, 12,  487
  9, 13,  487
  6, 15,  487
  5, 18,  487
  4, 22,  487
 17,  9,  488
 23,  9,  488
 21, 10,  488
 32, 11,  488
 31, 10,  489
 33, 10,  489
 34, 10,  489
 12, 11,  489
  5, 16,  489
 40, 16,  489
  4, 20,  489
  3, 23,  489
  4, 23,  489
  4, 35,  489
 16,  9,  490
 19,  9,  490
 12, 10,  490
 11, 11,  490
  5, 17,  490
  4, 29,  490
  4, 32,  490
  4, 34,  490
  4, 36,  490
 40, 40,  490
 13, 11,  491
 33, 11,  491
 38, 14,  491
  3, 27,  491
  3, 30,  491
  4, 38,  491
  5, 39,  491
 39, 40,  491
 26,  9,  492
 40, 17,  492
  4, 19,  492
  4, 37,  492
  4, 39,  492
 31,  9,  493
 14, 10,  493
 36, 12,  493
  3, 25,  493
  3, 29,  493
 21,  9,  494
 15, 10,  494
 32, 10,  494
 38, 13,  494
 40, 15,  494
  2, 19,  494
  6, 40,  494
 24,  8,  495
 10, 11,  495
 35, 11,  495
  9, 12,  495
  7, 13,  495
  4, 18,  495
  3, 24,  495
  2, 28,  495
 23,  8,  496
 24,  9,  496
 27,  9,  496
 28,  9,  496
 33,  9,  496
 13, 10,  496
 16, 10,  496
  8, 11,  496
 38, 12,  496
 39, 13,  496
  4, 17,  496
  3, 20,  496
  2, 24,  496
  3, 28,  496
  3, 34,  496
 21,  8,  497
 20,  9,  497
  7, 14,  497
  3, 22,  497
  2, 33,  497
 25,  8,  498
 27,  8,  498
  2, 27,  498
  2, 30,  498
  3, 32,  498
  3, 21,  499
  2, 23,  499
  2, 25,  499
 23,  7,  500
 14,  8,  500
 20,  8,  500
 35, 10,  500
  9, 11,  500
 36, 11,  500
  6, 13,  500
  5, 15,  500
  3, 33,  500
  3, 36,  500
 16,  8,  501
 18,  9,  501
 11, 10,  501
  5, 13,  501
  8, 13,  501
 39, 14,  501
  2, 20,  501
 22,  8,  502
 35,  9,  502
 28,  8,  503
 13,  9,  503
  4, 16,  503
  2, 29,  503
  1, 34,  503
  3, 37,  503
  3, 38,  503
  5, 40,  503
 26,  8,  504
 30,  8,  504
 34,  9,  504
  6, 14,  504
  2, 22,  504
  1, 24,  504
  2, 34,  504
  3, 35,  504
  2, 37,  504
 12,  9,  505
  7, 12,  505
 38, 15,  505
  2, 21,  505
 32,  9,  506
 40, 14,  506
  2, 31,  506
 14,  9,  507
 38, 11,  507
  8, 12,  507
 39, 12,  507
  3, 18,  507
 17,  8,  508
  5, 14,  508
  4, 15,  508
  9,  9,  509
 36, 10,  509
  7, 11,  510
  2, 18,  510
  1, 28,  510
 19,  8,  511
 38, 10,  511
  6, 12,  511
 40, 13,  511
 31,  8,  512
 37, 11,  512
  1, 29,  512
  2, 35,  512
 17,  7,  513
  3, 16,  513
  1, 23,  513
  2, 32,  513
  2, 36,  513
 18,  7,  514
 10, 10,  514
  2, 17,  514
 29,  7,  515
 31,  7,  515
 29,  8,  515
  3, 17,  515
  2, 26,  515
  4, 40,  515
 26,  7,  516
 27,  7,  516
 12,  8,  516
 33,  8,  516
 19,  6,  517
 24,  6,  517
 14,  7,  517
 20,  7,  517
 22,  7,  517
 18,  8,  517
  9, 10,  517
 19,  7,  518
 21,  7,  518
 37, 10,  518
  1, 30,  518
  2, 39,  518
  3, 39,  518
 15,  8,  519
  7, 10,  519
  2, 38,  519
 32,  8,  520
 34,  8,  520
 10,  9,  520
 11,  9,  520
  1, 25,  520
  1, 32,  520
  1, 33,  520
 25,  7,  521
 16,  7,  522
 39, 11,  522
 32,  7,  523
 40, 12,  523
  1, 31,  524
 11,  8,  525
  4, 13,  525
 23,  6,  526
 24,  7,  527
 28,  7,  527
  6, 11,  527
 40, 11,  527
  3, 40,  527
 15,  7,  528
 35,  8,  528
  5, 12,  528
  1, 27,  528
  1, 35,  528
 13,  8,  529
  1, 22,  529
  1, 26,  529
  1, 36,  529
 25,  6,  530
 36,  9,  530
 37,  8,  531
 21,  6,  532
 13,  7,  532
 37,  9,  532
  4, 14,  532
 30,  7,  533
  2, 16,  534
  1, 20,  534
  1, 21,  534
 18,  6,  535
 15,  6,  536
 17,  6,  536
  1, 19,  536
 23,  5,  537
  3, 14,  537
 31,  6,  538
  8,  9,  538
  3, 15,  538
 20,  6,  539
 27,  6,  539
 39, 10,  540
 19,  5,  542
 39,  9,  542
  8, 10,  542
 36,  8,  543
  4, 12,  544
 10,  8,  545
  6, 10,  546
 14,  6,  547
 30,  6,  547
 28,  6,  548
 16,  6,  549
  1, 18,  549
  4, 11,  551
 35,  7,  553
  1, 37,  554
 26,  6,  555
 33,  7,  555
 21,  5,  556
 38,  9,  557
 36,  7,  559
  2, 40,  559
 22,  6,  561
 27,  5,  564
 29,  6,  565
 28,  5,  579
 18,  5,  670
 26,  5,  682
 10,  7,  683
 34,  7,  684
  9,  8,  685
  2, 15,  686
  5, 10,  689
 34,  6,  692
  8,  8,  692
 40,  9,  693
  1, 17,  693
 39,  8,  695
  1, 16,  695
 25,  5,  698
 13,  6,  698
 12,  7,  698
 20,  5,  699
 22,  5,  699
 33,  6,  699
 29,  5,  700
  3, 13,  700
  7,  9,  701
  2, 14,  701
 37,  7,  702
 21,  4,  703
  6,  9,  703
 26,  4,  704
  5, 11,  704
  1, 15,  704
 31,  5,  706
 38,  8,  706
 27,  4,  707
 12,  6,  707
 11,  7,  707
  3, 12,  707
 17,  5,  708
 24,  5,  708
  5,  9,  708
 20,  4,  709
 22,  4,  709
 30,  5,  709
 32,  6,  709
  7,  8,  710
  1, 38,  710
  9,  7,  711
 14,  5,  712
 35,  6,  712
 36,  6,  712
 31,  4,  714
 38,  7,  715
  1, 39,  715
 12,  5,  716
 40, 10,  716
 26,  3,  717
 30,  4,  717
 11,  6,  717
  8,  7,  717
 16,  3,  718
 28,  3,  718
 32,  5,  718
 10,  6,  718
 32,  4,  719
 15,  5,  719
 16,  5,  719
 18,  4,  720
 34,  5,  720
  1, 13,  720
 23,  4,  721
 19,  4,  722
 29,  4,  722
 11,  5,  722
  2, 13,  722
  6,  7,  723
 17,  4,  724
 14,  4,  726
 25,  4,  726
 13,  5,  726
  4, 10,  726
  3, 11,  726
 16,  4,  727
 24,  4,  727
 33,  4,  729
  7,  6,  729
  3, 10,  729
  2, 12,  729
 12,  4,  730
 33,  5,  730
 22,  3,  731
  6,  8,  731
 27,  3,  732
 24,  3,  733
 25,  3,  733
 28,  4,  733
 10,  5,  733
  9,  6,  733
  2, 10,  733
  1, 40,  733
 21,  3,  734
  4,  9,  734
  1, 14,  734
 20,  3,  735
 30,  3,  735
  5,  8,  735
 21,  2,  736
 31,  3,  736
 11,  4,  736
 34,  4,  736
  5,  7,  736
 40,  8,  736
  1, 12,  736
 18,  3,  737
 19,  3,  737
 15,  2,  738
  3,  9,  738
 23,  3,  739
 13,  4,  739
  8,  6,  739
 17,  2,  740
 22,  2,  740
 14,  3,  740
 15,  3,  740
  8,  5,  740
  7,  7,  740
 17,  3,  741
 33,  3,  741
 35,  5,  741
  2, 11,  741
 15,  4,  742
  6,  6,  742
 19,  2,  743
 29,  3,  743
  4,  8,  743
  1, 11,  743
 32,  3,  744
 36,  5,  745
 25,  2,  746
 37,  5,  746
 38,  6,  746
 23,  1,  747
 20,  2,  747
 35,  4,  747
 38,  5,  747
  9,  5,  748
 27,  2,  749
 30,  2,  749
 37,  6,  749
 27,  1,  750
 28,  2,  750
 13,  3,  750
 23,  2,  751
 29,  2,  751
 26,  2,  752
 37,  4,  752
  4,  7,  752
  9,  3,  753
 11,  3,  753
 34,  3,  753
  1, 10,  753
 21,  1,  754
 16,  1,  756
 18,  2,  756
 28,  1,  757
  7,  5,  757
 39,  7,  757
 10,  4,  758
  3,  8,  758
  2,  9,  758
 12,  3,  759
 39,  6,  760
 14,  2,  761
 24,  2,  761
 35,  3,  761
 16,  2,  762
 24,  1,  763
 12,  2,  763
  1,  9,  763
 22,  1,  764
  8,  4,  764
 40,  7,  764
 33,  2,  765
 39,  5,  765
 31,  2,  766
  5,  6,  766
 10,  3,  767
 36,  4,  767
  6,  5,  767
 40,  6,  767
 29,  1,  768
 20,  1,  769
 36,  3,  769
  9,  4,  769
 32,  2,  770
  5,  5,  770
 31,  1,  772
 38,  4,  772
  4,  6,  773
  2,  7,  774
 33,  1,  775
 13,  2,  775
  8,  3,  775
 15,  1,  776
  6,  4,  776
 10,  2,  777
 25,  1,  779
  4,  5,  780
  7,  4,  781
  3,  7,  782
 26,  1,  783
 11,  2,  783
 34,  2,  783
 32,  1,  785
  2,  8,  790
 37,  3,  791
 14,  1,  792
 30,  1,  793
 35,  2,  793
 13,  1,  794
 17,  1,  794
 39,  4,  795
 11,  1,  796
  7,  2,  796
 38,  3,  798
  7,  3,  799
  9,  2,  801
  4,  4,  803
 40,  5,  808
 19,  1,  810
  1,  8,  810
  6,  3,  821
 35,  1,  826
 18,  1,  834
 39,  3,  834
  5,  4,  887
  3,  6,  887
 12,  1,  890
 36,  2,  891
 37,  2,  893
 10,  1,  895
 37,  1,  896
  1,  7,  898
 34,  1,  903
  8,  2,  903
  4,  3,  908
  1,  6,  908
  9,  1,  911
 36,  1,  912
  2,  5,  912
  6,  2,  913
 40,  4,  914
  3,  5,  915
  5,  2,  917
 40,  3,  917
  2,  6,  919
  1,  5,  921
  6,  1,  923
 39,  2,  923
  7,  1,  924
 38,  1,  924
  5,  3,  924
  4,  2,  925
  3,  4,  925
 38,  2,  927
  5,  1,  928
  8,  1,  928
 39,  1,  929
  2,  4,  930
 40,  2,  931
  3,  2,  934
  1,  4,  937
  4,  1,  939
  2,  2,  940
  3,  3,  940
 40,  1,  943
  2,  3,  943
  1,  3,  944
  3,  1,  947
  1,  2,  959
  2,  1,  962
  1,  1,  967
