22,15, 1,18,5
 16, 31,  454
 17, 28,  455
 14, 30,  457
 16, 30,  457
 13, 31,  457
 16, 36,  457
 15, 27,  458
 16, 27,  458
 17, 27,  458
 18, 27,  458
 16, 28,  458
 16, 29,  458
 12, 31,  458
 15, 32,  458
 17, 29,  459
 16, 35,  459
 13, 27,  460
 13, 29,  460
 15, 29,  460
 18, 29,  460
 18, 30,  460
 15, 31,  460
 17, 31,  460
 18, 31,  460
 16, 26,  461
 18, 26,  461
 17, 30,  461
 13, 33,  461
 15, 34,  461
 17, 34,  461
 12, 35,  461
 15, 35,  461
 15, 25,  462
 13, 26,  462
 17, 26,  462
 15, 28,  462
 14, 29,  462
 19, 29,  462
 11, 31,  462
 14, 32,  462
 16, 33,  462
 18, 33,  462
 14, 34,  462
 14, 27,  463
 15, 30,  463
 14, 31,  463
 11, 32,  463
 13, 32,  463
 16, 32,  463
 15, 36,  463
 14, 25,  464
 16, 25,  464
 11, 26,  464
 14, 28,  464
 11, 29,  464
 12, 30,  464
 14, 33,  464
 12, 34,  464
 14, 24,  465
 12, 25,  465
 13, 25,  465
 14, 26,  465
 11, 27,  465
 19, 27,  465
 13, 28,  465
 18, 28,  465
 13, 30,  465
 19, 32,  465
 15, 33,  465
 17, 33,  465
 13, 34,  465
 14, 36,  465
 19, 36,  465
 13, 37,  465
 11, 28,  466
 21, 29,  466
 11, 30,  466
 19, 30,  466
 17, 32,  466
 20, 32,  466
 10, 34,  466
 11, 35,  466
 15, 37,  466
 17, 37,  466
 16, 23,  467
 17, 23,  467
 16, 24,  467
 17, 25,  467
 10, 28,  467
 12, 28,  467
 19, 28,  467
 10, 30,  467
 20, 30,  467
 19, 31,  467
 12, 32,  467
 11, 33,  467
 19, 33,  467
 16, 34,  467
 18, 34,  467
 17, 35,  467
 18, 25,  468
 10, 27,  468
 20, 27,  468
 21, 27,  468
 20, 28,  468
  9, 29,  468
 20, 29,  468
 20, 31,  468
 21, 31,  468
 18, 32,  468
 12, 33,  468
 20, 33,  468
 21, 33,  468
 14, 35,  468
 17, 36,  468
 13, 23,  469
 14, 23,  469
 15, 24,  469
 12, 29,  469
  9, 30,  469
  9, 31,  469
 20, 34,  469
 13, 36,  469
 19, 37,  469
 17, 38,  469
 15, 23,  470
 18, 23,  470
 17, 24,  470
 19, 25,  470
 15, 26,  470
 12, 27,  470
 10, 31,  470
 11, 34,  470
 19, 34,  470
 20, 35,  470
 21, 35,  470
 18, 37,  470
 20, 37,  470
 13, 24,  471
 20, 24,  471
 11, 25,  471
 10, 26,  471
 12, 26,  471
 19, 26,  471
 21, 26,  471
 23, 29,  471
 10, 32,  471
 22, 32,  471
 12, 36,  471
 14, 38,  471
 10, 25,  472
 21, 30,  472
  9, 32,  472
 10, 33,  472
 19, 35,  472
 12, 37,  472
 16, 38,  472
 17, 39,  472
 18, 39,  472
 15, 22,  473
 17, 22,  473
 11, 24,  473
 19, 24,  473
 20, 25,  473
 20, 26,  473
  9, 28,  473
  9, 33,  473
  9, 34,  473
 13, 35,  473
 18, 38,  473
 15, 39,  473
 12, 22,  474
 14, 22,  474
 20, 22,  474
 18, 24,  474
 21, 25,  474
 22, 28,  474
 22, 30,  474
 22, 31,  474
  7, 32,  474
 10, 35,  474
 18, 35,  474
 18, 36,  474
 14, 37,  474
 11, 38,  474
 13, 38,  474
 12, 39,  474
 16, 21,  475
 16, 22,  475
 11, 23,  475
 12, 23,  475
 19, 23,  475
 10, 24,  475
 21, 24,  475
 10, 29,  475
  8, 33,  475
 22, 33,  475
  9, 35,  475
 11, 37,  475
 16, 37,  475
 19, 38,  475
 14, 39,  475
 13, 21,  476
 12, 24,  476
  9, 25,  476
  9, 27,  476
 21, 32,  476
 21, 34,  476
 11, 36,  476
 20, 36,  476
 10, 38,  476
 15, 38,  476
 13, 39,  476
 16, 39,  476
 15, 40,  476
 13, 22,  477
  9, 26,  477
 22, 26,  477
  8, 27,  477
  7, 29,  477
  8, 30,  477
 21, 28,  478
 22, 29,  478
  7, 34,  478
  9, 36,  478
 21, 37,  478
 11, 39,  478
 15, 21,  479
  9, 22,  479
 19, 22,  479
  8, 24,  479
  9, 24,  479
 22, 27,  479
  8, 28,  479
 22, 35,  479
 20, 38,  479
 16, 40,  479
 17, 40,  479
 13, 20,  480
 14, 20,  480
 17, 21,  480
 11, 22,  480
 18, 22,  480
 23, 26,  480
  8, 29,  480
  7, 30,  480
  8, 31,  480
 10, 37,  480
 12, 38,  480
 13, 40,  480
 14, 40,  480
 15, 19,  481
 11, 20,  481
 19, 20,  481
 14, 21,  481
 18, 21,  481
 19, 21,  481
 20, 23,  481
 22, 24,  481
  7, 33,  481
  8, 34,  481
 18, 40,  481
 10, 22,  482
  8, 26,  482
 24, 26,  482
  6, 31,  482
  8, 35,  482
 10, 36,  482
 23, 37,  482
 10, 39,  482
 18, 18,  483
 16, 20,  483
 11, 21,  483
 22, 25,  483
  7, 27,  483
  6, 29,  483
  7, 31,  483
 23, 31,  483
 24, 31,  483
  8, 32,  483
 22, 34,  483
 22, 36,  483
 22, 37,  483
 16, 19,  484
 15, 20,  484
 10, 21,  484
 10, 23,  484
  7, 24,  484
  7, 28,  484
 21, 36,  484
  9, 37,  484
  8, 38,  484
 20, 39,  484
 11, 40,  484
 12, 19,  485
 18, 19,  485
 17, 20,  485
 12, 21,  485
 20, 21,  485
  8, 25,  485
 23, 30,  485
  6, 35,  485
  9, 38,  485
 10, 40,  485
 21, 22,  486
 23, 24,  486
 23, 27,  486
  6, 28,  486
 23, 28,  486
 24, 29,  486
  6, 30,  486
 23, 36,  486
  8, 37,  486
 14, 18,  487
 21, 23,  487
 22, 23,  487
  7, 25,  487
  6, 27,  487
 23, 33,  487
 23, 34,  487
 21, 38,  487
 22, 38,  487
  9, 39,  487
 21, 39,  487
 16, 18,  488
 10, 20,  488
 21, 21,  488
 22, 22,  488
  7, 26,  488
 24, 30,  488
 25, 30,  488
  6, 32,  488
 23, 32,  488
 23, 35,  488
  7, 36,  488
  7, 37,  488
 20, 40,  488
 18, 20,  489
  6, 26,  489
 24, 32,  489
  6, 33,  489
 24, 35,  489
  8, 36,  489
  8, 39,  489
 19, 39,  489
  9, 40,  489
 19, 40,  489
 12, 18,  490
 19, 18,  490
  9, 20,  490
  5, 25,  490
 24, 33,  490
  7, 38,  490
 12, 40,  490
 15, 18,  491
 13, 19,  491
  8, 22,  491
  8, 23,  491
  9, 23,  491
  5, 27,  491
 24, 28,  491
  5, 29,  491
  7, 35,  491
 13, 17,  492
 14, 19,  492
 12, 20,  492
 21, 20,  492
 25, 33,  492
 22, 39,  492
 21, 40,  492
 22, 21,  493
  7, 22,  493
 23, 25,  493
 25, 32,  493
  5, 36,  493
 13, 18,  494
 10, 19,  494
 23, 23,  494
 24, 27,  494
  5, 33,  494
 25, 34,  494
  5, 35,  494
  6, 38,  494
 17, 18,  495
 11, 19,  495
 17, 19,  495
 20, 19,  495
 24, 24,  495
 25, 27,  495
 25, 31,  495
  6, 34,  495
  8, 40,  495
 15, 17,  496
 25, 25,  496
 25, 35,  496
 24, 38,  496
 19, 19,  497
 20, 20,  497
  9, 21,  497
  7, 23,  497
 25, 28,  497
 26, 31,  497
 24, 34,  497
 24, 36,  497
 22, 40,  497
 11, 18,  498
  5, 31,  498
  6, 37,  498
 14, 17,  499
  7, 21,  499
  6, 24,  499
 24, 25,  499
  5, 32,  499
 23, 38,  499
 16, 17,  500
 17, 17,  500
 22, 20,  500
 23, 21,  500
  6, 25,  500
  5, 30,  500
  5, 34,  500
 16, 16,  501
 21, 19,  501
  8, 21,  501
 23, 22,  501
 25, 26,  501
 25, 29,  501
  6, 36,  501
 10, 18,  502
  8, 20,  502
  5, 24,  502
  4, 28,  502
  4, 31,  502
 26, 36,  502
 26, 30,  503
  4, 37,  503
 24, 37,  503
 18, 17,  504
 23, 20,  504
  4, 32,  504
 27, 33,  504
 12, 17,  505
 20, 18,  505
 27, 30,  505
 24, 40,  505
  6, 22,  506
 24, 23,  506
  5, 28,  506
 27, 28,  506
  4, 29,  506
  4, 30,  506
 19, 16,  507
  9, 19,  507
  6, 23,  507
  4, 25,  507
 26, 29,  507
 26, 33,  507
  7, 39,  507
  7, 40,  507
 22, 18,  508
  5, 23,  508
  3, 30,  508
 26, 32,  508
  4, 33,  508
 14, 15,  509
 19, 17,  509
 26, 27,  509
 13, 16,  510
 24, 22,  510
  4, 27,  510
 26, 28,  510
 25, 37,  510
 10, 16,  511
 10, 17,  511
  5, 37,  511
 12, 16,  512
  8, 19,  512
 25, 24,  512
 25, 36,  512
  6, 39,  512
 24, 39,  512
 23, 40,  512
 14, 16,  513
 17, 16,  513
 26, 23,  513
  4, 26,  513
  5, 26,  513
 26, 26,  513
  3, 33,  513
  5, 38,  513
 25, 38,  513
 15, 15,  514
 11, 16,  514
 15, 16,  514
 11, 17,  514
 21, 18,  514
  4, 23,  514
  4, 24,  514
  4, 34,  514
 26, 35,  514
 23, 39,  514
 18, 16,  515
  5, 21,  515
  6, 21,  515
  5, 22,  515
  6, 20,  516
  7, 20,  516
 27, 34,  516
  4, 36,  516
  9, 17,  517
 20, 17,  517
  9, 18,  517
 24, 21,  517
 27, 24,  517
  3, 28,  517
  3, 29,  517
 27, 27,  519
 27, 31,  519
  4, 35,  519
 25, 39,  519
 17, 14,  520
  7, 19,  520
 25, 22,  520
  9, 16,  521
 21, 17,  521
 25, 21,  521
 26, 25,  521
 27, 32,  521
 26, 34,  521
  8, 18,  522
 24, 19,  522
 28, 32,  522
  3, 36,  522
 20, 15,  523
 23, 19,  523
 27, 26,  523
 27, 29,  523
  5, 39,  523
  6, 40,  523
 13, 15,  524
 22, 19,  524
  4, 22,  524
  3, 31,  524
 26, 38,  525
  3, 32,  526
  3, 34,  526
  4, 38,  526
 25, 40,  526
 20, 16,  527
  7, 18,  527
 24, 20,  527
 26, 24,  527
  3, 25,  527
 26, 37,  527
 11, 14,  528
 14, 14,  528
 18, 15,  528
 10, 14,  529
 16, 15,  530
  3, 27,  530
  2, 33,  530
  3, 35,  530
 27, 35,  530
 12, 15,  531
 12, 14,  532
 28, 34,  532
 25, 23,  533
 28, 27,  533
  4, 39,  533
 17, 15,  534
  8, 16,  534
  8, 17,  535
 26, 22,  535
  3, 24,  535
 28, 28,  535
  3, 23,  536
 11, 15,  537
 26, 21,  537
 28, 29,  537
  5, 40,  537
  2, 28,  538
  2, 30,  538
  2, 31,  538
 26, 39,  538
 16, 14,  539
  9, 15,  539
  6, 19,  539
  4, 21,  541
  2, 29,  541
 28, 37,  541
 13, 14,  543
  7, 17,  543
  6, 18,  543
 27, 22,  543
  3, 26,  543
  2, 32,  544
  4, 40,  544
 23, 18,  545
  3, 37,  545
 15, 14,  546
  2, 27,  546
 29, 28,  546
  2, 34,  546
 10, 15,  548
 13, 13,  549
 22, 17,  550
  1, 35,  551
 27, 38,  551
 19, 15,  552
 27, 25,  552
  1, 28,  553
 27, 36,  553
 21, 16,  554
 25, 20,  554
  2, 35,  556
 21, 15,  557
 24, 18,  559
  5, 20,  560
 14, 13,  561
 28, 30,  561
 29, 31,  562
  7, 16,  566
 12, 12,  569
  2, 23,  570
 28, 31,  570
  5, 19,  573
  7, 15,  578
 24, 17,  580
 23, 17,  582
 27, 23,  681
  2, 26,  688
  2, 37,  689
 25, 19,  691
 28, 35,  691
 29, 30,  692
 28, 33,  694
  3, 20,  695
 22, 16,  696
 28, 25,  696
 28, 26,  696
  9, 13,  697
 29, 32,  697
 29, 33,  697
 16, 12,  698
 28, 23,  699
  4, 20,  700
 22, 15,  701
 27, 21,  702
  2, 24,  702
 26, 20,  703
 26, 40,  703
  3, 21,  705
  1, 26,  705
  1, 31,  705
  2, 36,  705
 18, 14,  706
 19, 14,  706
  6, 17,  706
 25, 18,  706
  4, 19,  706
  1, 25,  706
  8, 15,  707
 29, 26,  707
 16, 13,  708
 28, 38,  708
 12, 13,  709
 18, 13,  709
 28, 22,  709
  2, 25,  709
 17, 12,  710
 26, 19,  710
 27, 20,  710
 29, 29,  710
 27, 37,  710
 20, 14,  711
 27, 19,  711
  3, 22,  711
 21, 14,  712
 28, 24,  712
  3, 38,  712
  5, 18,  713
 23, 16,  714
 30, 26,  714
 29, 24,  715
 23, 15,  716
 13, 12,  717
  1, 23,  717
 30, 28,  717
 28, 36,  717
  1, 29,  718
 29, 35,  718
  3, 39,  718
 20, 13,  719
  5, 17,  719
  1, 32,  719
  3, 40,  719
  1, 24,  720
 15, 11,  721
 11, 13,  721
 15, 13,  721
 17, 13,  721
 19, 13,  721
 29, 27,  721
  1, 27,  723
  1, 33,  723
  1, 34,  723
 26, 18,  724
 29, 23,  724
  1, 30,  724
 14, 12,  725
 24, 16,  725
  2, 22,  725
 29, 25,  725
 28, 39,  725
 18, 12,  726
 10, 13,  726
 21, 13,  726
  9, 14,  726
 31, 28,  726
 29, 36,  726
  4, 17,  727
 22, 13,  728
  6, 16,  728
 30, 27,  728
 30, 30,  728
 30, 31,  728
  5, 16,  729
 30, 32,  729
  8, 14,  730
  4, 18,  730
 28, 20,  730
 30, 36,  730
 29, 37,  730
 15, 12,  731
 30, 29,  731
 27, 39,  731
  9, 12,  732
 22, 14,  732
  2, 19,  732
 28, 21,  732
  1, 22,  732
 32, 31,  732
  2, 40,  732
 23, 14,  733
 27, 18,  733
 29, 22,  733
 30, 33,  733
 31, 33,  733
 29, 34,  733
 30, 37,  733
  7, 14,  734
 25, 16,  734
 21, 12,  735
  3, 19,  735
 18, 11,  736
 11, 12,  736
 24, 15,  736
 25, 17,  737
 31, 27,  737
 19, 12,  738
 25, 15,  738
  2, 21,  738
 30, 25,  738
  3, 17,  739
 31, 34,  739
 29, 38,  739
 28, 40,  739
 20, 12,  740
  6, 15,  740
 29, 20,  740
  1, 36,  740
  2, 38,  740
 24, 14,  741
 30, 21,  741
 31, 24,  741
 31, 29,  741
 31, 30,  741
 30, 34,  741
 16, 11,  742
  8, 13,  742
  3, 18,  742
  2, 20,  742
 10, 12,  743
 26, 16,  743
 30, 35,  743
 30, 24,  744
 13, 11,  745
  4, 16,  745
 26, 17,  745
 28, 19,  745
 29, 21,  745
 31, 32,  745
 19, 11,  746
  1, 21,  746
  2, 39,  746
 11, 11,  747
 30, 22,  747
 27, 40,  747
 10, 11,  748
 23, 13,  748
 31, 31,  748
 22, 11,  749
 31, 22,  749
 30, 23,  749
 31, 26,  749
 16, 10,  750
 12, 11,  750
 32, 29,  750
 31, 35,  750
 17, 11,  751
 24, 13,  751
 27, 16,  751
 27, 17,  751
 32, 28,  751
 32, 30,  751
 14, 10,  752
 14, 11,  752
  5, 15,  752
  1, 20,  753
 32, 33,  753
 13,  9,  754
  8, 11,  754
  6, 13,  755
  5, 14,  755
 28, 16,  755
 29, 39,  755
  8, 12,  756
  5, 13,  756
 26, 15,  756
  2, 17,  756
 31, 36,  756
  4, 15,  757
  7, 12,  758
  2, 18,  758
  2, 14,  759
  6, 14,  759
 25, 14,  759
 28, 18,  759
 32, 36,  759
 12, 10,  760
 19, 10,  760
 25, 13,  760
 17, 10,  761
 22, 12,  761
  1, 19,  761
 31, 25,  761
 32, 27,  761
 29, 40,  761
 15,  9,  762
  7, 13,  762
 26, 14,  762
  1, 18,  762
  1, 37,  762
 30, 39,  762
 13, 10,  763
 15, 10,  763
  1, 38,  763
 30, 38,  763
 21, 11,  764
 23, 12,  764
 24, 12,  764
  3, 16,  764
 30, 20,  764
 32, 25,  764
 32, 34,  764
  9, 11,  765
 20, 10,  766
 31, 20,  766
  7, 11,  767
 18, 10,  768
 31, 21,  768
 31, 23,  768
 20,  9,  769
  6, 12,  769
 27, 15,  769
 32, 32,  769
 20, 11,  770
 33, 26,  770
 34, 30,  770
 18,  9,  771
  4, 13,  771
 26, 13,  771
  1, 17,  771
 32, 26,  771
 33, 29,  771
 31, 37,  771
 16,  9,  772
 29, 19,  772
 14,  8,  773
  8, 10,  773
  4, 14,  773
 33, 27,  773
 10, 10,  774
  3, 15,  774
 29, 18,  774
 33, 28,  774
 14,  9,  775
 17,  9,  775
 11, 10,  775
  5, 12,  775
 32, 23,  775
 21, 10,  776
 23, 11,  776
 33, 34,  776
 32, 35,  776
  1, 39,  776
  1, 16,  777
 33, 32,  777
  2, 16,  778
 33, 31,  778
 28, 17,  779
 30, 40,  780
 33, 23,  781
 32, 24,  781
 33, 25,  782
 29, 17,  783
 33, 35,  783
 24, 11,  784
 25, 11,  785
 33, 30,  785
 12,  8,  786
 17,  8,  786
  9,  9,  786
 11,  9,  786
 23, 10,  786
 25, 12,  786
 19,  9,  787
 21,  9,  787
 27, 14,  787
 30, 19,  787
 33, 24,  787
 31, 38,  787
 16,  8,  788
 27, 13,  788
 28, 14,  788
 28, 15,  788
  9, 10,  789
 32, 22,  789
 32, 37,  789
 12,  9,  790
  5, 11,  790
  6, 11,  790
 34, 27,  791
  3, 14,  792
 26, 12,  794
 33, 22,  794
 34, 26,  794
 22, 10,  796
 10,  9,  797
  4, 12,  798
  1, 15,  798
 27, 12,  799
 32, 20,  799
 32, 21,  799
 29, 15,  800
 30, 18,  800
 33, 33,  800
 15,  8,  801
  8,  9,  803
 13,  8,  805
  3, 13,  805
  2, 15,  805
 34, 24,  805
 34, 32,  805
 34, 34,  805
 34, 25,  806
 15,  7,  807
 30, 17,  807
 18,  8,  809
  7, 10,  809
 31, 19,  809
  6, 10,  811
 20,  8,  815
  2, 13,  816
 34, 29,  817
 19,  8,  823
 31, 39,  824
 32, 38,  825
 22,  9,  826
 29, 16,  826
 24, 10,  828
 34, 33,  829
 22,  8,  835
 24,  9,  844
 35, 28,  850
 31, 18,  894
 11,  8,  898
 26, 11,  898
 29, 13,  902
  3, 12,  903
 35, 23,  903
 32, 19,  904
 19,  7,  905
 33, 36,  905
 32, 39,  905
  4, 11,  906
 32, 18,  907
 35, 24,  907
 35, 26,  908
 35, 30,  908
 34, 31,  908
 34, 35,  908
 30, 16,  909
 31, 16,  909
 33, 21,  909
 23,  8,  910
 35, 33,  911
 12,  7,  912
 27, 11,  913
 35, 32,  913
 33, 37,  913
 11,  7,  914
 35, 27,  914
 34, 28,  914
 28, 13,  915
  1, 40,  915
  7,  9,  917
 31, 17,  917
 35, 35,  917
 36, 31,  918
 35, 36,  918
 14,  7,  919
  8,  8,  919
 34, 21,  919
 13,  7,  920
 18,  7,  920
 25, 10,  920
 35, 34,  920
 32, 40,  920
 10,  8,  921
 30, 15,  921
 31, 40,  921
 23,  9,  922
  1, 13,  922
 36, 26,  922
 36, 30,  922
 35, 31,  922
 36, 32,  922
 31, 15,  923
 35, 25,  923
 16,  7,  924
  9,  8,  924
 21,  8,  924
  4, 10,  924
 34, 23,  924
 35, 29,  924
 34, 38,  924
  8,  7,  925
  1, 14,  925
 29, 14,  925
 32, 17,  925
  6,  9,  926
 33, 20,  926
 34, 22,  926
 35, 37,  926
 13,  6,  927
 17,  7,  927
 34, 36,  927
 33, 40,  927
  7,  8,  928
  5, 10,  928
  3, 11,  928
  2, 12,  928
 36, 33,  928
 28, 12,  929
 30, 13,  929
 33, 19,  929
 10,  7,  930
 26, 10,  930
 34, 20,  930
 17,  6,  931
 33, 18,  931
 34, 37,  931
 33, 39,  931
 21,  7,  932
 35, 22,  932
  9,  7,  933
 24,  8,  933
 36, 24,  933
  6,  8,  934
  5,  9,  934
 31, 14,  934
 20,  7,  935
 29, 12,  935
 15,  5,  936
 19,  6,  936
 25,  9,  936
 32, 16,  936
 37, 28,  936
  1, 12,  937
 30, 14,  937
 36, 28,  937
 11,  6,  938
 12,  6,  938
 14,  6,  938
 16,  6,  938
  5,  8,  938
  3, 10,  938
 29, 11,  938
 31, 13,  938
 37, 29,  938
 37, 36,  938
 22,  7,  939
 28, 11,  939
 33, 17,  939
 34, 19,  939
 36, 27,  939
 37, 34,  939
 36, 35,  939
  9,  6,  940
 32, 15,  940
 36, 25,  940
 37, 27,  940
 36, 29,  940
 35, 38,  940
 20,  6,  941
 27, 10,  941
 35, 20,  941
 33, 38,  941
 16,  5,  942
 19,  5,  942
 30, 12,  942
 33, 15,  942
 37, 26,  942
 36, 36,  942
  2, 11,  943
 35, 21,  943
 36, 21,  943
 18,  6,  944
 34, 39,  944
 13,  5,  945
 18,  5,  945
 15,  6,  945
 23,  7,  945
 24,  7,  945
 28,  9,  945
  2, 10,  945
 34, 17,  945
 34, 18,  945
 36, 34,  945
  7,  7,  946
 26,  8,  946
 26,  9,  946
 32, 14,  946
 33, 16,  946
 37, 25,  946
  3,  9,  947
 37, 23,  947
 37, 24,  947
 37, 31,  947
 38, 32,  947
 36, 39,  947
 10,  5,  948
 12,  5,  948
 14,  5,  948
 20,  5,  948
 10,  6,  948
  4,  9,  948
 12,  4,  949
 22,  5,  949
 22,  6,  949
 25,  8,  949
 36, 20,  949
 36, 23,  949
 38, 28,  949
 23,  6,  950
  1, 11,  950
 35, 19,  950
 36, 22,  950
 36, 38,  950
 33, 14,  951
 38, 26,  951
 37, 35,  951
 34, 40,  951
 16,  4,  952
  7,  6,  952
 25,  7,  952
  4,  8,  952
 27,  9,  952
 29, 10,  952
 37, 21,  952
 37, 30,  952
 35, 39,  952
 17,  5,  953
 34, 15,  953
 35, 18,  953
 38, 29,  953
  4,  7,  954
  5,  7,  954
 28, 10,  954
 37, 33,  954
 37, 37,  954
 15,  4,  955
  8,  6,  955
 21,  6,  955
 24,  6,  955
 30, 11,  955
 31, 12,  955
 34, 16,  955
 18,  4,  956
 26,  7,  956
 38, 27,  956
 38, 31,  956
 37, 32,  956
 11,  5,  957
  6,  7,  957
 30, 10,  957
 32, 13,  957
 35, 40,  957
 38, 30,  958
 36, 37,  958
 10,  4,  959
 17,  4,  959
  6,  6,  959
 37, 22,  959
 39, 28,  959
 39, 30,  959
 23,  5,  960
  2,  8,  960
  7,  5,  961
  8,  5,  961
  3,  8,  961
  1, 10,  961
 38, 25,  961
 38, 33,  961
 38, 34,  961
  8,  4,  962
 14,  4,  962
 33, 13,  962
 36, 19,  962
 38, 22,  962
 37, 39,  962
  5,  6,  963
 25,  6,  963
 31, 10,  963
 32, 12,  963
 38, 24,  963
 39, 27,  963
 39, 36,  963
 19,  4,  964
 29,  8,  964
 29,  9,  964
 31, 11,  964
 34, 14,  964
 35, 17,  964
 38, 35,  964
 11,  4,  965
  9,  5,  965
 21,  5,  965
  1,  9,  965
 33, 12,  965
 37, 20,  965
 39, 24,  965
 39, 25,  965
 27,  8,  966
 36, 18,  966
 38, 20,  966
 26,  6,  967
  2,  9,  967
 35, 16,  967
 37, 38,  967
  7,  4,  968
 20,  4,  968
 27,  6,  968
 32, 11,  968
 38, 21,  968
 39, 26,  968
 39, 31,  968
 19,  3,  969
 39, 29,  969
 38, 36,  969
 36, 40,  969
 15,  3,  970
 13,  4,  970
 25,  5,  970
  4,  6,  970
  3,  7,  970
 38, 23,  970
 37, 40,  970
 11,  3,  971
 13,  3,  971
 17,  3,  971
 20,  3,  971
 22,  3,  971
  2,  7,  971
 27,  7,  971
 28,  8,  971
 35, 15,  971
 36, 17,  971
 39, 33,  971
 40, 33,  971
 39, 34,  971
 38, 37,  971
 22,  4,  972
 14,  3,  973
  6,  5,  973
 34, 12,  973
 40, 30,  973
 10,  3,  974
 24,  5,  974
 28,  7,  974
 30,  9,  974
 40, 26,  974
 40, 32,  974
 40, 34,  974
  8,  3,  975
 23,  4,  975
  1,  8,  975
 34, 13,  975
 40, 23,  975
 18,  3,  976
 37, 18,  976
 38, 19,  976
 39, 32,  976
 38, 40,  976
 21,  4,  977
  3,  6,  977
 28,  6,  977
 39, 23,  977
 11,  2,  978
 16,  2,  978
 12,  3,  978
 35, 13,  978
 38, 38,  978
 16,  3,  979
 25,  4,  979
  4,  5,  979
 32, 10,  979
 37, 19,  979
 39, 35,  979
  9,  4,  980
 26,  5,  980
 27,  5,  980
 29,  7,  980
 30,  7,  980
 31,  9,  980
 35, 14,  980
 39, 22,  980
 40, 25,  980
 40, 31,  980
 36, 12,  981
 36, 15,  981
 40, 28,  981
 12,  2,  982
 17,  2,  982
 20,  2,  982
 21,  3,  982
 33, 11,  982
 39, 18,  982
 18,  2,  983
 24,  4,  983
  1,  7,  983
 26,  4,  984
  3,  5,  984
  5,  5,  984
 30,  8,  984
  7,  2,  985
 13,  2,  985
  9,  3,  985
 37, 17,  985
 38, 18,  985
 36, 14,  986
 39, 37,  986
 38, 39,  986
 14,  2,  987
 33, 10,  987
 40, 24,  987
  9,  2,  988
 15,  2,  988
 21,  2,  988
 40, 36,  988
 22,  2,  989
  6,  3,  989
  1,  6,  989
 34, 11,  989
 36, 16,  989
 15,  1,  990
 10,  2,  990
  4,  4,  990
 28,  5,  990
 39, 20,  990
 19,  2,  991
 24,  3,  991
  6,  4,  991
 34, 10,  991
 39, 21,  991
 40, 27,  991
 40, 29,  991
 17,  1,  992
 26,  3,  992
 29,  5,  992
 31,  7,  992
 37, 15,  992
 40, 37,  992
 13,  1,  993
 16,  1,  993
 31,  8,  993
 38, 17,  993
 39, 38,  993
  2,  6,  994
 36, 13,  994
 14,  1,  995
 23,  3,  995
 27,  4,  995
 35, 12,  996
  8,  2,  997
  5,  4,  997
 37, 16,  997
 39, 17,  997
 39, 40,  998
 23,  2,  999
 25,  3,  999
 32,  9,  999
 35, 11,  999
 40, 39, 1000
 11,  1, 1001
 29,  6, 1001
 30,  6, 1001
 33,  8, 1001
 34,  9, 1001
 10,  1, 1002
 39, 19, 1002
 40, 35, 1002
 18,  1, 1003
  7,  3, 1003
  2,  5, 1004
 38, 16, 1004
 40, 20, 1004
 40, 22, 1004
 20,  1, 1005
 32,  7, 1005
 40, 38, 1005
 19,  1, 1006
 12,  1, 1007
 21,  1, 1007
 27,  3, 1007
 32,  8, 1007
  9,  1, 1008
 28,  4, 1008
 31,  6, 1008
 36, 11, 1008
 37, 13, 1008
 33,  9, 1009
 35, 10, 1009
  6,  2, 1010
 25,  2, 1011
  5,  3, 1011
 37, 14, 1011
 38, 15, 1011
 39, 39, 1011
  1,  5, 1012
  6,  1, 1013
 22,  1, 1013
  5,  2, 1013
 28,  3, 1013
 40, 21, 1013
 25,  1, 1014
  2,  4, 1014
 35,  9, 1014
 24,  1, 1015
 36, 10, 1017
 40, 16, 1017
  3,  4, 1018
 30,  5, 1018
 26,  2, 1020
 29,  4, 1020
 37, 12, 1020
  4,  3, 1022
 30,  4, 1022
 34,  8, 1022
 39, 16, 1022
 24,  2, 1023
 40, 17, 1024
 40, 18, 1024
 23,  1, 1025
 38, 12, 1025
 38, 14, 1025
 39, 14, 1025
 40, 19, 1025
  1,  4, 1026
 34,  6, 1026
 34,  7, 1026
 39, 15, 1028
 40, 40, 1028
  8,  1, 1029
  4,  2, 1030
  7,  1, 1031
  3,  3, 1031
 32,  5, 1032
 29,  3, 1033
 33,  7, 1033
 38, 13, 1033
 40, 15, 1034
  2,  3, 1035
 27,  2, 1036
 35,  8, 1036
 31,  4, 1040
 33,  6, 1040
 32,  6, 1042
 36,  9, 1042
  3,  2, 1043
  1,  3, 1043
 26,  1, 1044
 37, 11, 1044
 28,  2, 1047
 31,  5, 1047
  5,  1, 1049
 35,  7, 1050
 39, 13, 1051
 37, 10, 1052
 33,  4, 1054
 31,  3, 1055
 40, 14, 1058
  2,  2, 1059
  3,  1, 1063
 39, 11, 1065
 40, 13, 1067
 27,  1, 1068
 28,  1, 1072
  4,  1, 1076
 38, 11, 1078
 29,  2, 1079
 33,  5, 1091
 30,  3, 1095
 32,  3, 1111
 38, 10, 1158
 37,  9, 1161
  2,  1, 1168
 29,  1, 1168
 30,  2, 1173
 30,  1, 1178
 36,  8, 1178
 34,  5, 1179
  1,  2, 1185
 35,  6, 1188
 37,  8, 1188
 32,  4, 1192
 39, 12, 1193
 40, 12, 1193
 36,  6, 1195
 38,  9, 1195
 36,  7, 1197
 38,  8, 1201
 35,  5, 1204
 34,  4, 1205
 32,  2, 1206
 36,  5, 1207
 39, 10, 1210
 39,  9, 1213
 40, 11, 1213
 40, 10, 1216
  1,  1, 1217
 31,  2, 1217
 33,  3, 1217
 37,  7, 1218
 38,  7, 1218
 35,  4, 1224
 34,  3, 1225
 37,  6, 1227
 33,  2, 1233
 35,  3, 1235
 37,  5, 1239
 40,  8, 1242
 31,  1, 1244
 39,  7, 1244
 39,  8, 1245
 34,  1, 1246
 34,  2, 1246
 40,  9, 1246
 32,  1, 1248
 38,  5, 1251
 38,  6, 1251
 40,  7, 1253
 36,  4, 1254
 39,  5, 1258
 39,  6, 1259
 33,  1, 1260
 37,  4, 1261
 40,  6, 1261
 35,  2, 1262
 38,  4, 1266
 35,  1, 1268
 36,  2, 1275
 36,  3, 1275
 36,  1, 1282
 37,  3, 1289
 38,  2, 1310
 39,  2, 1321
 38,  3, 1329
 39,  4, 1330
 40,  4, 1330
 37,  2, 1369
 39,  3, 1369
 37,  1, 1371
 40,  5, 1372
 38,  1, 1379
 40,  2, 1398
 40,  3, 1399
 39,  1, 1410
 40,  1, 1415
