 7,20,16, 1,4
 26,  5,  458
 30,  8,  458
 27,  5,  460
 26,  7,  460
 27,  7,  460
 25,  8,  460
 23,  8,  461
 27,  9,  461
 24,  4,  462
 24,  5,  462
 28,  6,  462
 30,  6,  462
 27,  8,  462
 23,  9,  462
 25, 10,  462
 25,  6,  463
 31,  6,  463
 24,  7,  463
 25,  7,  463
 29,  7,  463
 25,  9,  463
 30, 10,  463
 32, 11,  463
 27,  3,  464
 26,  4,  464
 27,  4,  464
 29,  4,  464
 25,  5,  464
 29,  5,  464
 30,  5,  464
 29,  6,  464
 32,  6,  464
 23,  7,  464
 28,  7,  464
 30,  7,  464
 31,  7,  464
 32,  7,  464
 26,  9,  464
 27, 10,  464
 28, 11,  464
 30, 13,  464
 28,  5,  465
 26,  6,  465
 27,  6,  465
 29,  8,  465
 32,  8,  465
 33,  8,  465
 26, 10,  465
 25, 11,  465
 31,  4,  466
 24,  6,  466
 33,  7,  466
 22,  8,  466
 26,  8,  466
 24,  9,  466
 30,  9,  466
 32,  9,  466
 29, 10,  466
 27, 12,  466
 24,  2,  467
 28,  2,  467
 24,  3,  467
 26,  3,  467
 32,  3,  467
 30,  4,  467
 22,  7,  467
 34,  7,  467
 28,  8,  467
 31,  8,  467
 28,  9,  467
 25,  3,  468
 21,  5,  468
 22,  6,  468
 21,  7,  468
 24,  8,  468
 31,  9,  468
 33,  9,  468
 28, 10,  468
 27, 11,  468
 30, 11,  468
 27,  2,  469
 28,  3,  469
 23,  4,  469
 23,  6,  469
 29,  9,  469
 23, 10,  469
 32, 10,  469
 22, 11,  469
 29, 11,  469
 25, 12,  469
 26, 12,  469
 29, 13,  469
 26, 14,  469
 25,  1,  470
 23,  5,  470
 31,  5,  470
 33, 10,  470
 26, 11,  470
 28, 12,  470
 27, 13,  470
 28, 13,  470
 31,  2,  471
 30,  3,  471
 22,  4,  471
 22,  5,  471
 33,  6,  471
 34,  6,  471
 21,  8,  471
 22, 10,  471
 31, 10,  471
 23, 11,  471
 31, 11,  471
 24, 12,  471
 30, 12,  471
 24, 13,  471
 29, 14,  471
 26,  1,  472
 23,  2,  472
 29,  3,  472
 31,  3,  472
 25,  4,  472
 28,  4,  472
 34,  5,  472
 20,  8,  472
 24, 10,  472
 24, 11,  472
 31, 13,  472
 23,  1,  473
 29,  2,  473
 21,  4,  473
 32,  4,  473
 34,  4,  473
 33,  5,  473
 35,  6,  473
 35,  7,  473
 35,  8,  473
 31,  1,  474
 30,  2,  474
 33,  3,  474
 20,  4,  474
 33,  4,  474
 32,  5,  474
 21,  6,  474
 19,  8,  474
 22,  9,  474
 21, 10,  474
 33, 11,  474
 33, 12,  474
 26, 13,  474
 28, 14,  474
 29,  1,  475
 30,  1,  475
 32,  1,  475
 26,  2,  475
 33,  2,  475
 19,  5,  475
 20,  6,  475
 21,  9,  475
 34,  9,  475
 34, 10,  475
 34, 11,  475
 22, 12,  475
 23, 12,  475
 22, 13,  475
 23, 13,  475
 25, 13,  475
 24, 14,  475
 33, 14,  475
 28,  1,  476
 21,  2,  476
 22,  2,  476
 22,  3,  476
 35,  9,  476
 21, 11,  476
 35, 11,  476
 21, 12,  476
 29, 12,  476
 31, 12,  476
 33, 13,  476
 25, 14,  476
 22,  1,  477
 27,  1,  477
 25,  2,  477
 21,  3,  477
 23,  3,  477
 20,  5,  477
 36,  6,  477
 19,  7,  477
 19, 10,  477
 20, 10,  477
 35, 10,  477
 20, 11,  477
 20, 12,  477
 26, 15,  477
 35,  5,  478
 20,  7,  478
 36,  7,  478
 36, 11,  478
 35, 12,  478
 21, 13,  478
 32, 13,  478
 28, 15,  478
 20,  1,  479
 20,  2,  479
 32,  2,  479
 34,  3,  479
 18,  5,  479
 19,  6,  479
 32, 12,  479
 22, 14,  479
 27, 14,  479
 24, 16,  479
 24,  1,  480
 20,  3,  480
 35,  3,  480
 36,  5,  480
 34,  8,  480
 36,  8,  480
 20,  9,  480
 26, 16,  480
 35,  4,  481
 19,  9,  481
 18, 10,  481
 38,  9,  482
 25, 15,  482
 21,  1,  483
 36,  3,  483
 37,  6,  483
 18,  7,  483
 37,  7,  483
 36,  9,  483
 34, 12,  483
 36, 12,  483
 34, 13,  483
 30, 14,  483
 34, 14,  483
 37,  3,  484
 37,  4,  484
 38,  5,  484
 18,  6,  484
 37,  9,  484
 18, 11,  484
 23, 14,  484
 31, 14,  484
 32, 14,  484
 32, 15,  484
 35,  2,  485
 17,  4,  485
 36,  4,  485
 37,  5,  485
 18,  8,  485
 39,  8,  485
 37, 10,  485
 19, 11,  485
 18, 12,  485
 31, 15,  485
 33,  1,  486
 34,  2,  486
 17,  3,  486
 38,  8,  486
 17, 10,  486
 20, 13,  486
 27, 15,  486
 18,  3,  487
 18,  4,  487
 38,  4,  487
 17,  5,  487
 17,  6,  487
 38,  6,  487
 16,  7,  487
 17,  7,  487
 18,  9,  487
 16, 10,  487
 24, 15,  487
 29, 15,  487
 33, 15,  487
 34,  1,  488
 19, 12,  488
 21, 15,  488
 18,  2,  489
 19,  3,  489
 19,  4,  489
 15,  8,  489
 37,  8,  489
 30, 15,  489
 36,  1,  490
 19,  2,  490
 37,  2,  490
 38,  7,  490
 16,  9,  490
 17,  9,  490
 36, 10,  490
 17, 11,  490
 20, 14,  490
 21, 14,  490
 35, 14,  490
 22, 16,  490
 19,  1,  491
 39,  6,  491
 16,  8,  491
 17, 12,  491
 35, 13,  491
 22, 15,  491
 23, 16,  491
 27, 16,  491
 35,  1,  492
 36,  2,  492
 39,  4,  492
 17,  8,  492
 38, 10,  492
 36, 13,  492
 28, 16,  492
 29, 16,  492
 30, 16,  492
 29, 17,  492
 16,  4,  493
 39,  5,  493
 38, 11,  493
 37, 12,  493
 19, 14,  493
 37,  1,  494
 15,  6,  494
 27, 17,  494
 39,  9,  495
 40, 10,  495
 39, 11,  495
 28, 17,  495
 30, 17,  495
 15,  5,  496
 16,  5,  496
 15,  7,  496
 39,  7,  496
 15, 10,  496
 18, 13,  496
 23, 15,  496
 35, 15,  496
 37, 11,  497
 38,  2,  498
 16,  6,  498
 19, 13,  498
 20, 15,  498
 32, 16,  498
 24, 17,  498
 26, 17,  498
 26, 18,  498
 14,  5,  499
 16, 13,  499
 34, 15,  499
 22, 17,  499
 24, 18,  499
 28, 18,  499
 16,  2,  500
 16,  3,  500
 40,  9,  500
 40, 11,  500
 37, 13,  500
 25, 16,  500
 31, 16,  500
 14,  8,  501
 39, 10,  501
 15, 11,  501
 38, 12,  501
 18, 14,  501
 18,  1,  502
 17,  2,  502
 38,  3,  502
 39,  3,  502
 15,  4,  502
 40,  7,  502
 36, 14,  502
 19, 15,  502
 33, 16,  502
 35, 16,  502
 16, 11,  503
 37, 14,  503
 25, 17,  503
 15,  3,  504
 40,  4,  504
 13,  7,  504
 14,  7,  504
 31, 17,  504
 32, 17,  504
 40,  6,  505
 15,  9,  505
 17, 13,  505
 36, 15,  505
 20, 16,  505
 15, 12,  506
 38, 13,  507
 38, 14,  507
 37, 15,  507
 21, 16,  507
 25, 18,  507
 30, 18,  507
 39,  2,  508
 40, 12,  508
 33, 17,  508
 31, 18,  508
 17,  1,  509
 14,  9,  510
 16, 12,  510
 17, 15,  510
 34, 16,  510
 23, 17,  510
 22, 18,  510
 40,  2,  511
 40,  3,  511
 14,  6,  511
 40,  8,  511
 30, 19,  511
 38,  1,  512
 38, 15,  512
 14, 12,  513
 18, 16,  513
 23, 18,  513
 27, 18,  513
 29, 18,  513
 16,  1,  514
 39,  1,  514
 14,  4,  514
 36, 16,  514
 19, 17,  514
 39, 12,  515
 18, 15,  515
 14, 10,  516
 39, 13,  516
 16, 14,  516
 19, 16,  516
 21, 17,  516
 29, 19,  516
 40,  5,  517
 14,  3,  518
 35, 17,  518
 28, 19,  518
 13, 10,  519
 15, 13,  519
 17, 14,  519
 13,  9,  520
 34, 17,  521
 26, 19,  521
 12,  7,  522
 16, 15,  522
 17, 16,  522
 14, 11,  523
 21, 18,  523
 15,  2,  524
 37, 16,  524
 34, 18,  524
 25, 19,  524
 13,  3,  525
 13,  6,  525
 36, 17,  525
 32, 18,  525
 13,  5,  526
 40, 13,  526
 13,  4,  527
 38, 16,  527
 22, 19,  527
 13,  8,  529
 14, 13,  529
 31, 19,  529
 14,  2,  530
 30, 20,  530
 18, 17,  531
 33, 18,  531
 27, 19,  531
 15,  1,  532
 29, 20,  532
 20, 17,  533
 20, 18,  533
 27, 20,  533
 40, 14,  534
 39, 15,  534
 14,  1,  535
 13, 14,  536
 15, 14,  536
 39, 14,  536
 40,  1,  538
 24, 19,  538
 12,  8,  539
 40, 15,  539
 37, 17,  539
 35, 18,  539
 20, 19,  539
 13, 12,  540
 12, 10,  541
 39, 16,  541
 19, 18,  542
 12,  6,  543
 13, 11,  543
 23, 19,  543
 34, 19,  543
 14, 14,  545
 33, 19,  548
 24, 20,  548
 32, 19,  549
 12,  3,  551
 11,  7,  551
 36, 19,  552
 12,  4,  554
 15, 15,  554
 12,  5,  555
 32, 20,  555
 25, 21,  555
 13,  2,  556
 38, 17,  556
 12,  1,  557
 31, 20,  557
 16, 16,  558
 12,  9,  562
 33, 20,  562
 12, 11,  563
 21, 19,  568
 29, 21,  569
 26, 20,  581
 26, 21,  584
 35, 19,  680
 30, 21,  683
 34, 20,  686
 11,  8,  691
 17, 17,  694
 27, 21,  694
 36, 18,  698
 16, 17,  700
 15, 16,  702
 25, 20,  703
 12,  2,  704
 18, 18,  704
 11,  4,  705
 13, 13,  705
 16, 18,  705
 23, 20,  705
 28, 20,  705
 23, 21,  705
 11, 12,  706
 22, 21,  706
 13,  1,  708
 26, 22,  709
 11,  9,  710
 17, 18,  710
 19, 20,  710
 12, 13,  711
 15, 17,  711
 24, 21,  711
 25, 22,  711
 37, 18,  712
 17, 19,  713
 39, 17,  716
 38, 18,  716
 22, 20,  716
 12, 12,  717
 13, 15,  717
 37, 19,  717
 11,  6,  718
 11, 14,  718
 19, 19,  718
 18, 20,  718
 21, 20,  718
 31, 21,  718
 10,  7,  719
 40, 16,  719
 11, 11,  720
 36, 20,  720
 20, 20,  721
 35, 20,  721
 27, 22,  722
 32, 22,  722
 14, 15,  723
 28, 21,  723
 11,  3,  724
 18, 19,  724
 11, 10,  725
 10, 11,  725
 10,  9,  726
 12, 14,  726
 22, 22,  726
 26, 23,  726
 38, 19,  727
 20, 21,  728
 33, 21,  728
 14, 17,  729
 32, 21,  729
 36, 21,  729
 21, 22,  729
 10,  8,  730
 37, 20,  730
 21, 21,  730
 24, 22,  730
 14, 16,  731
 15, 18,  731
  9,  7,  732
 39, 18,  732
 17, 20,  732
 38, 20,  732
 34, 21,  732
 35, 21,  732
 29, 22,  732
 28, 23,  732
 28, 22,  733
 13, 16,  734
 23, 22,  734
 11,  5,  735
 29, 23,  735
 10,  5,  736
 30, 22,  736
 10, 10,  737
 11, 13,  737
 10,  6,  738
 16, 19,  738
 30, 23,  738
 13, 17,  739
 31, 23,  739
 12, 17,  740
 14, 19,  740
 39, 20,  740
 18, 21,  740
 37, 21,  740
 20, 22,  740
  9,  6,  741
  9,  9,  741
 11, 16,  741
 11,  1,  742
 12, 15,  742
 19, 21,  742
 10, 13,  743
 15, 19,  743
 33, 22,  743
 25, 23,  743
 14, 18,  744
 34, 22,  744
 27, 23,  744
 36, 22,  745
 28, 24,  745
  9, 10,  746
 31, 22,  746
 27, 24,  746
 10,  4,  747
 12, 16,  747
 19, 22,  747
 22, 23,  747
 32, 23,  747
 29, 24,  747
  9, 11,  748
  8,  4,  749
 23, 23,  749
 34, 23,  749
 11, 15,  751
 12, 18,  751
  9,  8,  752
 39, 19,  752
 17, 21,  752
  9,  5,  754
 24, 23,  754
  8,  6,  755
 16, 20,  755
 22, 24,  755
 30, 24,  755
 32, 24,  755
 40, 17,  756
 15, 20,  756
 35, 22,  756
 40, 18,  757
 18, 22,  757
 33, 23,  757
 40, 20,  758
 26, 24,  758
  9,  4,  759
  8,  8,  759
  8, 10,  759
 10,  1,  760
 13, 18,  760
 21, 23,  760
 27, 25,  760
 11,  2,  761
 16, 21,  761
 25, 24,  761
  8,  7,  762
  9, 13,  762
 10, 16,  762
 39, 21,  762
 24, 24,  762
 10,  3,  763
  8, 13,  763
 14, 21,  763
 18, 23,  763
 19, 23,  763
  9, 12,  764
 17, 22,  764
  9,  2,  765
 10, 12,  765
  8, 14,  765
 10, 15,  765
  9, 14,  766
 10,  2,  767
  8, 12,  767
 15, 21,  767
 35, 23,  767
 36, 23,  767
 30, 25,  768
  7,  9,  769
 11, 18,  769
 21, 24,  769
 31, 24,  769
 40, 19,  770
 23, 24,  770
  9,  3,  771
  8,  5,  772
 25, 25,  772
 28, 25,  772
  9, 16,  773
 11, 17,  773
  9, 15,  774
 38, 21,  774
 18, 24,  774
 20, 23,  775
 29, 25,  775
 10, 14,  776
 10, 17,  776
 13, 19,  776
 14, 20,  776
 20, 24,  776
 22, 25,  776
  8, 11,  777
 21, 25,  777
 12, 19,  778
 33, 24,  778
 11, 19,  779
 16, 23,  779
 16, 22,  780
 15, 23,  780
 12, 21,  781
  8,  9,  782
 38, 22,  782
 23, 25,  782
 32, 25,  782
  7,  6,  783
 19, 24,  784
 13, 20,  785
 17, 23,  785
 14, 22,  786
 34, 24,  786
 24, 25,  786
 31, 25,  786
  7, 10,  787
 12, 20,  789
  7,  7,  790
  7,  8,  790
 13, 21,  790
 37, 23,  790
  7,  4,  792
  7, 13,  792
 11, 20,  792
  9, 17,  794
  7,  3,  795
  7, 14,  795
 26, 25,  795
  7,  5,  796
  7, 11,  796
 40, 22,  797
 26, 26,  797
 22, 26,  798
  8,  1,  800
  7, 12,  800
 35, 24,  800
 20, 25,  800
 24, 26,  801
 13, 22,  802
 32, 26,  803
  8, 15,  804
 19, 25,  805
  8,  2,  806
 10, 19,  806
 15, 22,  806
  9,  1,  809
 29, 26,  809
  6,  5,  810
  7, 15,  811
 40, 21,  811
  6,  7,  812
  8, 16,  812
 28, 26,  812
  6,  9,  813
 10, 18,  814
  6, 13,  815
 14, 23,  815
  6, 10,  817
  8, 17,  822
 18, 25,  824
  6,  6,  825
  6,  4,  826
 33, 25,  826
  5,  8,  827
  9, 18,  827
  5, 11,  831
 25, 26,  836
  6, 12,  838
 17, 25,  838
 21, 26,  839
  6,  8,  840
 16, 24,  841
  8,  3,  843
  6, 11,  853
 30, 26,  882
 27, 27,  893
 39, 22,  894
 28, 27,  894
 37, 24,  896
 34, 25,  896
 27, 26,  897
 10, 20,  898
 11, 21,  900
 37, 22,  900
 23, 26,  900
  8, 18,  901
 38, 23,  902
 36, 24,  903
 36, 26,  908
 26, 27,  910
 30, 27,  912
 35, 25,  913
 24, 27,  913
  7, 17,  914
 38, 24,  914
 33, 26,  914
  6, 15,  915
 25, 27,  915
  5, 12,  916
  6, 14,  916
 17, 24,  917
 36, 25,  917
 21, 27,  917
 40, 23,  918
 20, 26,  918
 32, 27,  918
  7, 16,  919
 31, 26,  919
 38, 25,  920
  5,  6,  921
 29, 27,  921
 10, 22,  922
 39, 23,  922
 14, 24,  922
 19, 26,  922
 35, 26,  922
  9, 19,  923
 12, 22,  923
  5, 10,  924
  4,  8,  926
 31, 27,  926
  7,  1,  927
  4,  7,  927
  7,  2,  928
 10, 21,  928
 23, 27,  928
  6, 17,  929
  6, 18,  929
 39, 24,  929
 34, 26,  929
 34, 27,  929
 32, 28,  929
  5,  9,  930
  4, 11,  930
  6, 16,  930
  5,  5,  931
 28, 28,  931
 30, 28,  931
 13, 24,  932
 15, 24,  932
 17, 26,  932
 29, 28,  932
  5,  7,  933
  4, 13,  933
 11, 22,  933
 15, 25,  933
 18, 26,  933
 38, 26,  933
 17, 27,  933
 22, 27,  933
 25, 28,  933
  5, 14,  934
 12, 23,  934
 37, 26,  934
 24, 28,  934
 33, 28,  934
 29, 29,  934
 22, 28,  935
  5, 13,  936
  8, 20,  936
  9, 20,  936
 10, 23,  936
 14, 25,  936
 37, 25,  936
 16, 26,  936
 26, 29,  936
  6,  3,  937
  5, 16,  937
 20, 27,  937
 33, 27,  937
  5,  4,  938
  4,  9,  938
  5, 15,  938
  8, 19,  938
 11, 23,  938
 40, 24,  938
 28, 29,  938
  7, 19,  939
 13, 23,  939
 17, 28,  939
  6,  2,  940
  5,  3,  940
 16, 25,  940
 19, 27,  940
 37, 27,  940
 20, 28,  940
  4,  6,  941
  9, 21,  941
 13, 25,  941
 11, 24,  942
 35, 27,  942
 21, 28,  942
 23, 28,  942
  6,  1,  943
  3, 10,  943
 40, 25,  943
 38, 27,  943
 26, 28,  943
 21, 29,  943
  4, 10,  944
 12, 24,  944
 27, 28,  944
 34, 28,  944
 30, 29,  944
  4,  5,  945
 31, 28,  945
 36, 28,  945
 25, 29,  946
  4,  2,  947
  4, 14,  947
 39, 25,  947
  4, 15,  948
  8, 21,  948
 13, 26,  948
 24, 29,  948
 27, 29,  948
  4,  3,  949
 35, 28,  949
  5,  2,  950
  3, 11,  950
  3, 15,  950
  9, 23,  950
 18, 27,  950
 22, 29,  950
  3,  9,  951
  5, 17,  951
  7, 18,  951
  9, 22,  951
 23, 29,  951
  4, 12,  952
  3, 13,  952
  6, 20,  952
 14, 26,  952
 36, 27,  952
  6, 19,  953
  7, 20,  953
 33, 29,  953
 24, 30,  953
  4,  4,  954
 15, 26,  954
 16, 28,  954
 19, 28,  954
 27, 30,  954
  5,  1,  955
  3,  7,  955
 40, 26,  955
 16, 27,  955
 34, 29,  955
  3,  8,  956
 14, 27,  956
 15, 27,  956
 19, 29,  956
  3, 12,  957
 39, 27,  957
 18, 29,  957
 20, 29,  957
 25, 30,  957
 29, 30,  957
  2,  8,  958
  3, 14,  958
  4, 17,  958
  5, 18,  958
 39, 26,  958
 18, 28,  958
 31, 29,  958
 32, 29,  958
  4,  1,  959
 10, 24,  959
 28, 30,  959
  3,  3,  960
  4, 16,  960
 34, 30,  960
  3,  6,  961
  2,  7,  961
  2, 14,  961
 12, 26,  961
 40, 27,  961
 15, 28,  961
 21, 30,  961
 30, 30,  961
 31, 30,  961
  3,  2,  962
  3,  5,  962
 11, 25,  962
 35, 29,  962
 36, 29,  962
  2,  9,  963
  7, 21,  963
  7, 22,  963
 20, 30,  963
 23, 30,  963
 26, 30,  963
  8, 23,  964
 10, 25,  964
 12, 25,  964
 37, 28,  964
 22, 30,  964
  2,  5,  965
  2, 12,  965
 33, 30,  965
  2,  4,  966
 13, 28,  966
 14, 28,  966
 23, 31,  966
 29, 31,  966
 30, 31,  966
  5, 19,  967
  8, 22,  967
 19, 30,  967
 32, 30,  967
 31, 31,  967
  1, 11,  968
  6, 21,  968
 15, 29,  968
 25, 31,  968
 26, 31,  968
  3,  4,  969
 39, 28,  969
 17, 29,  969
 28, 31,  969
  1,  6,  970
  1, 14,  970
  4, 18,  970
  5, 20,  970
 28, 32,  970
  2, 10,  971
  3, 17,  971
  9, 24,  971
  2,  6,  972
  2, 15,  972
 38, 28,  972
 32, 31,  972
 33, 31,  972
  1, 10,  973
  2, 13,  973
  2, 18,  973
  4, 19,  973
  6, 22,  973
 13, 27,  973
 35, 30,  973
 19, 31,  973
 22, 31,  973
  7, 24,  974
 37, 29,  974
  2,  3,  975
  8, 24,  975
 10, 26,  975
 24, 31,  975
  2, 11,  976
  3, 16,  976
  3, 18,  976
 12, 27,  976
  1,  8,  977
  1, 13,  977
  4, 21,  977
 38, 29,  977
 18, 30,  977
 36, 30,  977
 11, 26,  978
 24, 32,  978
  2,  2,  979
  1, 12,  979
 16, 29,  979
 12, 28,  980
 27, 31,  980
  2, 16,  981
 11, 28,  981
  3,  1,  982
  1,  9,  982
  1, 15,  982
  7, 23,  982
  8, 26,  982
 40, 28,  982
 27, 32,  982
 30, 32,  982
  1,  7,  983
  4, 20,  983
  5, 21,  983
 34, 31,  983
 10, 27,  984
 16, 30,  984
 21, 31,  984
 34, 32,  984
  1,  5,  985
  3, 20,  985
  6, 23,  985
 14, 29,  985
 39, 29,  985
 37, 30,  985
 23, 32,  985
 25, 32,  985
  1,  2,  986
  2, 17,  986
  9, 26,  986
 22, 32,  986
  3, 19,  987
  8, 25,  987
  9, 25,  987
 17, 30,  987
  2,  1,  988
  7, 26,  988
 35, 31,  988
  1, 17,  989
 26, 32,  989
 23, 33,  989
  1,  4,  990
 11, 27,  990
 14, 30,  990
 29, 32,  990
 32, 32,  990
  1, 16,  991
 38, 30,  991
 33, 32,  991
  1,  1,  992
  5, 22,  992
 13, 29,  992
 17, 31,  992
 15, 30,  993
 18, 31,  993
 20, 31,  993
 21, 32,  993
  7, 25,  994
 22, 33,  994
  2, 19,  995
 26, 33,  995
  1,  3,  996
  9, 27,  996
 12, 29,  996
 38, 31,  996
 31, 32,  996
 30, 33,  996
  4, 22,  997
  1, 20,  998
 40, 29,  999
 36, 31,  999
 20, 32,  999
  5, 23, 1000
 18, 32, 1000
 27, 33, 1000
 26, 34, 1000
  6, 24, 1001
 36, 32, 1001
  3, 22, 1002
 13, 31, 1002
 16, 32, 1002
 24, 33, 1002
  2, 20, 1003
 13, 30, 1003
 37, 31, 1003
 39, 30, 1004
 29, 33, 1004
 32, 33, 1004
  8, 27, 1005
  7, 28, 1005
 16, 31, 1005
 15, 32, 1005
  1, 19, 1006
  2, 21, 1006
 14, 31, 1006
 21, 33, 1006
  3, 23, 1007
  5, 24, 1007
  7, 27, 1007
 28, 33, 1007
 31, 33, 1007
  5, 25, 1008
 11, 30, 1008
 25, 33, 1008
  6, 26, 1009
 15, 31, 1009
 27, 34, 1009
  9, 28, 1010
 11, 29, 1010
 17, 32, 1011
 33, 33, 1011
 12, 30, 1012
 19, 32, 1012
 37, 32, 1012
 20, 33, 1012
 36, 33, 1012
 10, 30, 1014
 19, 33, 1014
 28, 34, 1015
  4, 23, 1016
  6, 25, 1016
 40, 30, 1016
 35, 32, 1016
 38, 32, 1016
 34, 33, 1016
  1, 18, 1017
  3, 21, 1017
 10, 28, 1017
 10, 29, 1017
 18, 33, 1017
 37, 33, 1017
 25, 34, 1017
 40, 31, 1018
  8, 28, 1020
 16, 33, 1020
 35, 33, 1020
 23, 34, 1020
 20, 34, 1021
  1, 21, 1022
 19, 34, 1022
 22, 34, 1023
 12, 31, 1024
 17, 33, 1024
 27, 35, 1024
 25, 35, 1025
  6, 27, 1026
 34, 34, 1026
 39, 32, 1027
  2, 22, 1028
 39, 31, 1028
 30, 35, 1029
  4, 24, 1030
  9, 29, 1030
 13, 32, 1030
 29, 34, 1030
 11, 31, 1031
 31, 34, 1032
 33, 34, 1032
 26, 35, 1033
 14, 32, 1034
 30, 34, 1034
  4, 25, 1036
  3, 24, 1038
  8, 29, 1039
 32, 34, 1039
  2, 23, 1040
 22, 35, 1040
  1, 22, 1041
 10, 31, 1041
 12, 32, 1041
 18, 34, 1041
 24, 34, 1041
 28, 35, 1045
  5, 26, 1046
 35, 34, 1046
 32, 35, 1048
 36, 34, 1049
  4, 26, 1050
 15, 33, 1051
 21, 34, 1051
 29, 35, 1051
  7, 29, 1053
 17, 34, 1053
 27, 36, 1053
  6, 28, 1054
  8, 30, 1054
  2, 24, 1055
 24, 35, 1056
 25, 36, 1056
 38, 33, 1057
 15, 34, 1057
 23, 35, 1057
 20, 35, 1058
 31, 35, 1059
  9, 30, 1060
 18, 35, 1061
 17, 35, 1062
 28, 36, 1062
  3, 25, 1063
 19, 35, 1064
 21, 35, 1064
 33, 35, 1065
 30, 36, 1065
  4, 28, 1066
 40, 32, 1067
 40, 33, 1067
 32, 36, 1067
 35, 35, 1069
 24, 36, 1072
 33, 36, 1072
 23, 36, 1075
  1, 23, 1076
 25, 37, 1076
 29, 36, 1078
  4, 27, 1081
 39, 33, 1086
 14, 34, 1087
 14, 33, 1088
  5, 28, 1091
 26, 36, 1092
  6, 29, 1093
  1, 24, 1095
  3, 26, 1095
  5, 27, 1098
 22, 36, 1098
  9, 31, 1099
 11, 32, 1104
  2, 26, 1105
  2, 27, 1105
  3, 27, 1109
 13, 33, 1118
 36, 35, 1127
 16, 35, 1161
  2, 25, 1172
 20, 36, 1173
 12, 33, 1175
 16, 34, 1177
 31, 36, 1177
 34, 35, 1179
  5, 29, 1180
  4, 29, 1184
  7, 30, 1184
  9, 32, 1185
 37, 35, 1185
 27, 37, 1185
 11, 33, 1187
 37, 34, 1187
 21, 37, 1189
  8, 31, 1190
 26, 37, 1190
  1, 25, 1192
 19, 36, 1193
 23, 37, 1193
 21, 36, 1195
 32, 37, 1196
  6, 30, 1198
 29, 38, 1198
 38, 34, 1199
 39, 34, 1199
 34, 36, 1199
 22, 37, 1199
 10, 32, 1200
 29, 37, 1200
 30, 37, 1200
 31, 37, 1200
 18, 36, 1201
 36, 36, 1201
 33, 37, 1201
 38, 35, 1202
 28, 38, 1202
 24, 37, 1203
 13, 34, 1204
 20, 37, 1204
 28, 37, 1205
 10, 33, 1207
 15, 35, 1207
 30, 38, 1207
 17, 36, 1208
 35, 36, 1208
 34, 37, 1208
 26, 38, 1208
  3, 28, 1209
  9, 33, 1211
 40, 34, 1212
 13, 35, 1212
 14, 36, 1212
 27, 38, 1212
  4, 30, 1213
 12, 34, 1215
 15, 36, 1215
 37, 36, 1215
 19, 37, 1215
  6, 31, 1216
  8, 32, 1216
  1, 26, 1217
 14, 35, 1217
 23, 38, 1217
 11, 34, 1218
  7, 31, 1219
 22, 38, 1219
 16, 36, 1220
 18, 37, 1220
 24, 38, 1220
 25, 38, 1220
  5, 31, 1221
 17, 37, 1221
 12, 35, 1222
 39, 35, 1222
 35, 37, 1222
  2, 28, 1224
 31, 38, 1225
  5, 30, 1226
 28, 39, 1228
  3, 29, 1229
  7, 32, 1229
 32, 38, 1229
  1, 27, 1230
  6, 32, 1230
  7, 33, 1231
  8, 33, 1231
 13, 36, 1231
 10, 34, 1232
 11, 35, 1232
 36, 37, 1232
 31, 39, 1233
 20, 38, 1234
 16, 38, 1235
 19, 38, 1235
 29, 39, 1235
 16, 37, 1236
  3, 30, 1238
 10, 35, 1238
  9, 34, 1239
 40, 35, 1241
 34, 38, 1242
 30, 39, 1242
 18, 38, 1243
 13, 37, 1244
 33, 38, 1244
 22, 40, 1244
  2, 29, 1245
 38, 36, 1245
 35, 38, 1245
 36, 38, 1245
 37, 37, 1246
 20, 39, 1246
  8, 34, 1247
 24, 39, 1247
 27, 39, 1247
 32, 39, 1247
  4, 31, 1248
 26, 39, 1248
  7, 34, 1249
 10, 36, 1249
 12, 36, 1249
 19, 39, 1249
 22, 39, 1249
  9, 35, 1251
 11, 36, 1251
  6, 33, 1252
 17, 38, 1252
 21, 38, 1252
 15, 37, 1254
 23, 39, 1254
 28, 40, 1254
 20, 40, 1255
  7, 35, 1257
 34, 39, 1257
 29, 40, 1257
  5, 33, 1259
  8, 36, 1259
 19, 40, 1259
 25, 39, 1260
  1, 28, 1261
  6, 34, 1262
 14, 37, 1263
 12, 37, 1264
 21, 39, 1264
 15, 38, 1265
 24, 40, 1265
 17, 39, 1266
 35, 39, 1266
 18, 40, 1268
 26, 40, 1270
  4, 32, 1271
 18, 39, 1271
  3, 31, 1272
  3, 32, 1272
 14, 38, 1272
 30, 40, 1272
 31, 40, 1272
  8, 35, 1273
 23, 40, 1273
  5, 32, 1275
 39, 37, 1275
 16, 39, 1275
 27, 40, 1275
  2, 30, 1276
 25, 40, 1276
 33, 40, 1278
 33, 39, 1281
  3, 33, 1283
 37, 38, 1283
 38, 38, 1285
 38, 37, 1286
 17, 40, 1286
 32, 40, 1287
 11, 37, 1288
 21, 40, 1288
 36, 40, 1288
 14, 39, 1289
 15, 39, 1290
  9, 36, 1291
  1, 29, 1292
  6, 35, 1292
 12, 38, 1292
 37, 39, 1292
  7, 36, 1293
 13, 38, 1293
  2, 31, 1295
 13, 39, 1295
 40, 36, 1296
  4, 33, 1297
 39, 36, 1297
 10, 37, 1298
 11, 38, 1298
 40, 37, 1300
  1, 33, 1301
  5, 35, 1301
  1, 30, 1302
  4, 34, 1305
  8, 37, 1305
 40, 38, 1305
 35, 40, 1307
 10, 38, 1308
 36, 39, 1310
 13, 40, 1310
 39, 38, 1312
 16, 40, 1317
  3, 34, 1318
  9, 37, 1319
 34, 40, 1319
  5, 34, 1322
  6, 36, 1324
 37, 40, 1324
 15, 40, 1325
 12, 40, 1333
  1, 31, 1335
 38, 39, 1336
 12, 39, 1338
  6, 37, 1342
  2, 33, 1347
  7, 37, 1353
  5, 36, 1355
 10, 39, 1355
 14, 40, 1369
  4, 35, 1372
  2, 32, 1373
  8, 38, 1378
  1, 32, 1379
  9, 38, 1384
  9, 39, 1384
  9, 40, 1393
 39, 40, 1394
 39, 39, 1396
  2, 35, 1397
 11, 40, 1398
  2, 34, 1399
  4, 36, 1402
  7, 38, 1403
 38, 40, 1403
  6, 38, 1404
 11, 39, 1404
  3, 35, 1405
 40, 39, 1406
  7, 39, 1407
 10, 40, 1407
  5, 37, 1409
  8, 39, 1412
  2, 36, 1416
  3, 36, 1420
  1, 34, 1421
  3, 37, 1421
  4, 37, 1422
  4, 38, 1427
 40, 40, 1427
  5, 38, 1429
  6, 39, 1430
  1, 35, 1431
  8, 40, 1431
  1, 36, 1435
  2, 37, 1436
  3, 38, 1439
  5, 39, 1440
  6, 40, 1440
  5, 40, 1443
  1, 38, 1446
  7, 40, 1446
  1, 37, 1447
  3, 39, 1452
  3, 40, 1453
  4, 39, 1454
  2, 39, 1456
  2, 38, 1457
  4, 40, 1465
  1, 39, 1472
  2, 40, 1478
  1, 40, 1486
