32,13, 1, 3,5
 10, 32,  544
 13, 33,  544
 10, 31,  551
 11, 31,  552
  9, 31,  554
 10, 30,  557
 13, 31,  564
 14, 30,  575
 13, 34,  576
 12, 33,  577
 11, 30,  583
 14, 32,  765
 12, 30,  773
 12, 31,  773
 13, 32,  774
 14, 33,  776
 15, 31,  778
 11, 34,  781
 13, 29,  787
 12, 34,  787
 12, 32,  788
 14, 31,  790
 10, 33,  791
 15, 33,  792
 10, 29,  793
 14, 29,  794
 13, 30,  794
 10, 34,  795
  8, 30,  799
 11, 32,  800
  9, 32,  801
 14, 35,  802
  9, 30,  803
 11, 33,  803
 16, 34,  805
 16, 32,  806
  9, 33,  807
 14, 34,  808
  8, 33,  810
 12, 36,  810
 10, 27,  812
  9, 29,  812
 15, 30,  812
 12, 35,  812
 11, 28,  814
  8, 34,  814
 11, 29,  815
 16, 35,  815
 13, 28,  816
 12, 26,  817
 14, 28,  817
 16, 31,  817
 14, 26,  819
  7, 28,  819
 16, 27,  820
 10, 36,  820
 12, 29,  823
  8, 29,  824
  9, 34,  824
 11, 27,  825
 16, 30,  825
  8, 32,  825
 17, 32,  826
 13, 35,  826
 14, 37,  827
 13, 36,  828
 13, 27,  829
  8, 28,  829
 14, 36,  829
 10, 28,  830
  7, 30,  830
 15, 35,  831
 16, 36,  831
 12, 28,  832
  9, 28,  834
 19, 30,  834
 18, 34,  834
 11, 36,  835
 19, 33,  836
 17, 31,  837
 17, 35,  837
 16, 29,  841
 17, 34,  842
 15, 29,  843
 15, 34,  843
 10, 35,  843
 15, 36,  843
 17, 33,  844
 15, 27,  845
  7, 34,  845
 15, 26,  846
  7, 33,  848
 15, 32,  849
  8, 31,  851
 16, 28,  855
 16, 33,  861
  9, 27,  966
  9, 35,  967
 10, 26,  970
  6, 30,  974
 12, 27,  976
 12, 38,  977
 15, 37,  978
 15, 38,  978
  7, 32,  979
 19, 32,  979
  8, 27,  982
 17, 29,  982
 19, 31,  982
  9, 36,  982
 12, 37,  982
 18, 31,  983
 15, 28,  984
  8, 37,  984
 13, 39,  986
 14, 27,  987
 18, 33,  987
 17, 37,  987
 11, 35,  988
 17, 30,  989
  7, 31,  989
 10, 37,  989
 18, 32,  990
 13, 37,  990
 17, 39,  990
 13, 26,  991
 18, 27,  991
 17, 28,  991
  6, 33,  991
 18, 35,  991
 18, 36,  991
 11, 37,  991
 16, 37,  991
 14, 38,  991
  9, 26,  992
  6, 31,  992
 19, 35,  992
 11, 24,  994
 18, 30,  994
 18, 28,  995
 18, 29,  995
 16, 38,  995
 11, 26,  996
  7, 29,  996
 11, 25,  997
 14, 25,  997
 16, 26,  997
 17, 36,  997
 14, 39,  997
 19, 29,  998
 19, 34,  998
  8, 35,  998
 18, 37,  998
 17, 27,  999
 20, 32,  999
  8, 36,  999
  9, 38,  999
 11, 38,  999
 13, 38,  999
 13, 24, 1000
 15, 25, 1000
  8, 26, 1000
 15, 39, 1000
  9, 25, 1001
 16, 39, 1002
 11, 40, 1002
  6, 27, 1003
  5, 29, 1003
 20, 30, 1003
 20, 31, 1003
 20, 33, 1003
 20, 34, 1003
  7, 35, 1003
 13, 40, 1003
 14, 24, 1004
 10, 25, 1004
  6, 26, 1004
 17, 26, 1004
  9, 37, 1004
 12, 25, 1005
  6, 35, 1005
 17, 38, 1005
 18, 38, 1005
 18, 26, 1006
  6, 29, 1006
  7, 36, 1006
 11, 39, 1006
 14, 40, 1006
 10, 38, 1007
 12, 24, 1008
  6, 25, 1008
 19, 27, 1008
  6, 32, 1008
 21, 32, 1008
 21, 34, 1008
  6, 37, 1008
 21, 31, 1009
  6, 36, 1009
 20, 36, 1009
  7, 27, 1010
  5, 32, 1010
  6, 34, 1010
  6, 38, 1010
 10, 39, 1010
 12, 39, 1010
 13, 25, 1011
 16, 25, 1011
 19, 28, 1011
  5, 33, 1011
 19, 37, 1011
 16, 40, 1011
 17, 40, 1011
 20, 28, 1012
  5, 30, 1012
 21, 35, 1012
  9, 40, 1012
 15, 24, 1013
  8, 25, 1013
 17, 25, 1013
 18, 25, 1013
 19, 25, 1013
  6, 28, 1013
 20, 29, 1013
  4, 31, 1013
  4, 33, 1013
 19, 36, 1013
  7, 37, 1013
  8, 38, 1013
 20, 38, 1013
  8, 39, 1013
 22, 33, 1014
  7, 38, 1014
 19, 39, 1014
 16, 24, 1015
 21, 30, 1015
 20, 35, 1015
 21, 36, 1015
  9, 39, 1015
 15, 23, 1016
 10, 24, 1016
 22, 29, 1016
  5, 36, 1016
 19, 38, 1016
 10, 40, 1016
 12, 40, 1016
  6, 23, 1017
 13, 23, 1017
 21, 29, 1017
 20, 37, 1017
  7, 26, 1018
 22, 34, 1018
 15, 40, 1018
  9, 24, 1019
  5, 31, 1019
 12, 23, 1020
 14, 23, 1020
  4, 29, 1020
  7, 39, 1020
  9, 22, 1021
  9, 23, 1021
 17, 24, 1021
 20, 25, 1021
  5, 28, 1021
  3, 31, 1021
 21, 33, 1021
  4, 34, 1021
 22, 37, 1021
 13, 22, 1022
 10, 23, 1022
 19, 26, 1022
 21, 27, 1022
 22, 30, 1022
 18, 40, 1022
  8, 24, 1023
  5, 27, 1023
 20, 27, 1023
  4, 28, 1023
  4, 30, 1023
  3, 34, 1023
  4, 35, 1023
  5, 26, 1024
  3, 33, 1024
  5, 34, 1024
  5, 38, 1024
 20, 39, 1024
  7, 40, 1024
 20, 26, 1025
 23, 32, 1025
  4, 36, 1025
 11, 23, 1026
 16, 23, 1026
 21, 37, 1026
 11, 22, 1027
 18, 23, 1027
 23, 30, 1027
  4, 32, 1027
 22, 32, 1027
  5, 35, 1027
 14, 22, 1028
 16, 22, 1028
 21, 28, 1028
 23, 31, 1028
  7, 25, 1029
  3, 30, 1029
 22, 31, 1029
  3, 35, 1029
  4, 37, 1029
  8, 23, 1030
  4, 27, 1030
  3, 29, 1030
  7, 23, 1031
  7, 24, 1031
 21, 26, 1031
 22, 27, 1031
 19, 40, 1031
 15, 21, 1032
 17, 23, 1032
 18, 24, 1032
  5, 39, 1032
  6, 39, 1032
  8, 40, 1032
 13, 20, 1033
 12, 21, 1033
  3, 32, 1033
 23, 34, 1033
 22, 35, 1033
  3, 36, 1033
 21, 38, 1033
 18, 39, 1033
 21, 25, 1034
  5, 37, 1034
  6, 40, 1034
 11, 21, 1035
  5, 24, 1035
  2, 32, 1035
  2, 33, 1035
 14, 21, 1036
 16, 21, 1036
 22, 26, 1036
  2, 30, 1036
 21, 39, 1036
 19, 24, 1037
  4, 26, 1037
 22, 28, 1037
  2, 31, 1037
 23, 33, 1037
 22, 36, 1037
  4, 38, 1037
  7, 22, 1038
 10, 22, 1038
 12, 22, 1038
  3, 28, 1038
 24, 31, 1038
 13, 21, 1039
 19, 22, 1039
 19, 23, 1039
  5, 25, 1039
 23, 29, 1039
 15, 22, 1040
  3, 26, 1040
 21, 24, 1041
 23, 35, 1041
  8, 22, 1042
 23, 27, 1042
  9, 21, 1043
 10, 21, 1043
 17, 22, 1043
 23, 28, 1043
  2, 29, 1043
 24, 32, 1043
 25, 33, 1043
 18, 22, 1044
 20, 23, 1044
  3, 27, 1044
 24, 30, 1044
 20, 40, 1044
 21, 23, 1045
 20, 24, 1045
 22, 25, 1045
  1, 30, 1045
 24, 34, 1045
  3, 37, 1045
 17, 20, 1046
 17, 21, 1046
  4, 25, 1046
 23, 36, 1046
 23, 37, 1046
 11, 20, 1047
  2, 34, 1047
  3, 38, 1047
 22, 38, 1047
 23, 38, 1047
  5, 40, 1047
 15, 20, 1048
  6, 24, 1048
 23, 26, 1048
 24, 35, 1048
 21, 40, 1048
 14, 19, 1049
 19, 21, 1049
  1, 33, 1049
 24, 33, 1049
 10, 20, 1050
 12, 20, 1050
 16, 20, 1050
  2, 35, 1050
 25, 35, 1050
  5, 23, 1051
 24, 29, 1051
 20, 22, 1052
  3, 25, 1052
  1, 31, 1052
  1, 35, 1052
  7, 21, 1053
  2, 28, 1053
 25, 32, 1054
 24, 36, 1054
  4, 39, 1054
 22, 39, 1054
  6, 21, 1055
 18, 21, 1055
  6, 22, 1055
  2, 36, 1055
 14, 20, 1056
  8, 21, 1056
  8, 20, 1057
  9, 20, 1057
  2, 27, 1057
  1, 32, 1057
  4, 40, 1057
  4, 22, 1058
  1, 28, 1058
 24, 28, 1058
 25, 30, 1058
  9, 19, 1059
  2, 25, 1059
  1, 29, 1059
 22, 24, 1060
 24, 27, 1060
  2, 37, 1060
 24, 37, 1060
 13, 19, 1061
 22, 23, 1061
 20, 21, 1062
 23, 25, 1062
  2, 38, 1062
  2, 39, 1062
  3, 39, 1062
  7, 20, 1063
 25, 31, 1063
 25, 36, 1063
 15, 19, 1064
  4, 24, 1064
 23, 24, 1064
 23, 39, 1064
  3, 40, 1064
 17, 19, 1066
  4, 23, 1066
 22, 40, 1066
 24, 26, 1067
  1, 34, 1067
  1, 36, 1067
 21, 22, 1068
  2, 26, 1068
  1, 37, 1068
 22, 22, 1069
 12, 19, 1070
 18, 20, 1070
  5, 21, 1070
  3, 24, 1070
 26, 35, 1070
 25, 27, 1071
 25, 34, 1071
 15, 18, 1072
  1, 25, 1074
 25, 28, 1074
 25, 29, 1074
 10, 18, 1075
 10, 19, 1076
 19, 20, 1076
  4, 21, 1076
 25, 37, 1076
 24, 38, 1076
  5, 22, 1077
 26, 29, 1077
 26, 32, 1077
  3, 22, 1078
  2, 23, 1078
 24, 24, 1078
  1, 26, 1078
 13, 18, 1079
 21, 21, 1079
  2, 24, 1079
  1, 27, 1079
  1, 38, 1079
 16, 19, 1080
 24, 25, 1080
 26, 31, 1081
 26, 33, 1081
 11, 19, 1082
 27, 29, 1082
 23, 40, 1082
 24, 40, 1083
 25, 40, 1083
 23, 23, 1084
 26, 34, 1084
 11, 18, 1085
  8, 19, 1086
 26, 27, 1086
 26, 30, 1087
  7, 19, 1090
 21, 20, 1090
  6, 19, 1091
 25, 38, 1091
  3, 23, 1092
 25, 25, 1092
 25, 39, 1092
  8, 18, 1094
  1, 23, 1094
 27, 31, 1094
 25, 26, 1096
 23, 22, 1097
 13, 17, 1098
  6, 20, 1098
 27, 30, 1101
 27, 34, 1101
 20, 20, 1103
 26, 28, 1103
 24, 39, 1103
 18, 18, 1104
  5, 20, 1104
  2, 40, 1104
 14, 17, 1106
  1, 40, 1107
 11, 17, 1109
 12, 17, 1109
  9, 18, 1109
 17, 18, 1109
 26, 37, 1111
 12, 18, 1112
 22, 21, 1112
 24, 22, 1113
 27, 35, 1113
  5, 19, 1117
 18, 19, 1117
 19, 19, 1117
 16, 18, 1120
  3, 21, 1124
 10, 17, 1141
  1, 39, 1145
 15, 17, 1218
 25, 24, 1222
  4, 20, 1230
 26, 36, 1230
 20, 19, 1231
  1, 24, 1232
 28, 36, 1233
 14, 18, 1234
 26, 26, 1237
 22, 20, 1238
 23, 21, 1239
 27, 26, 1239
 27, 27, 1239
 28, 34, 1240
 26, 38, 1240
 26, 25, 1241
 17, 17, 1242
 27, 33, 1243
 20, 18, 1244
 28, 30, 1244
  1, 22, 1247
  2, 22, 1247
 19, 18, 1248
 27, 32, 1248
 23, 20, 1249
 28, 33, 1249
 27, 28, 1250
  4, 19, 1251
 27, 36, 1251
 24, 23, 1252
 28, 35, 1252
 27, 37, 1253
 16, 17, 1255
 25, 22, 1255
  9, 17, 1256
  6, 18, 1256
 26, 39, 1256
 18, 17, 1257
  7, 18, 1258
 15, 16, 1259
 26, 24, 1259
 13, 16, 1260
 14, 16, 1260
  8, 17, 1260
 28, 32, 1260
 28, 28, 1261
 25, 23, 1262
 26, 23, 1262
 12, 16, 1263
  7, 17, 1263
 21, 19, 1263
 28, 29, 1263
 29, 31, 1263
 15, 15, 1264
  8, 16, 1264
 18, 16, 1264
 23, 19, 1264
 17, 16, 1265
 20, 17, 1265
 19, 17, 1266
 21, 18, 1266
 24, 21, 1266
 13, 15, 1267
  3, 20, 1267
 27, 24, 1267
 28, 31, 1267
 24, 20, 1269
  2, 20, 1271
 29, 30, 1271
 28, 39, 1271
 10, 16, 1272
 11, 16, 1272
  3, 18, 1272
  5, 18, 1272
 28, 26, 1272
  6, 17, 1273
 25, 21, 1273
 22, 18, 1274
  2, 21, 1274
 29, 32, 1275
 27, 40, 1275
 30, 29, 1276
  9, 16, 1277
 16, 16, 1277
 21, 17, 1277
 29, 34, 1277
 29, 36, 1277
  4, 18, 1278
 26, 22, 1278
 29, 35, 1278
  1, 21, 1279
 29, 27, 1279
 22, 19, 1280
 29, 29, 1280
 30, 31, 1280
 24, 19, 1281
  8, 15, 1282
 11, 15, 1282
 22, 17, 1282
 28, 27, 1282
 28, 37, 1282
 27, 39, 1282
 23, 18, 1283
 27, 25, 1283
 28, 25, 1283
 11, 14, 1284
 20, 16, 1284
  3, 19, 1284
 27, 38, 1284
 26, 40, 1284
 29, 33, 1285
 18, 14, 1286
 18, 15, 1286
  7, 16, 1286
 19, 16, 1286
 27, 23, 1286
 30, 27, 1286
 15, 14, 1287
  4, 17, 1287
  2, 19, 1287
  5, 17, 1288
 25, 20, 1288
 28, 24, 1288
 29, 28, 1288
 10, 14, 1289
 12, 15, 1289
 14, 15, 1289
 28, 23, 1289
 31, 31, 1289
 10, 15, 1290
 19, 15, 1290
  6, 15, 1291
  6, 16, 1291
 16, 15, 1292
 17, 15, 1292
 30, 30, 1292
  9, 15, 1293
 21, 16, 1293
  1, 20, 1293
 26, 20, 1293
 29, 37, 1293
 22, 16, 1294
  7, 15, 1295
 29, 25, 1295
 29, 26, 1295
 13, 14, 1296
  3, 17, 1296
 25, 19, 1296
 26, 21, 1296
 27, 22, 1296
 12, 14, 1297
 17, 14, 1297
 28, 38, 1297
  8, 14, 1298
 16, 14, 1298
 23, 17, 1298
 30, 32, 1298
 30, 33, 1298
 32, 30, 1299
 30, 34, 1299
 29, 38, 1300
  2, 18, 1302
 27, 20, 1302
 31, 35, 1302
 24, 18, 1303
 30, 28, 1303
  8, 13, 1304
 13, 13, 1304
  4, 16, 1304
 30, 35, 1304
 28, 22, 1305
 14, 13, 1306
 11, 13, 1307
  5, 16, 1307
 27, 21, 1307
  1, 19, 1308
 29, 23, 1308
 31, 30, 1308
 14, 14, 1309
 10, 13, 1310
  7, 14, 1310
 20, 15, 1310
  2, 16, 1310
 31, 34, 1310
 29, 39, 1310
  9, 14, 1311
 30, 26, 1311
 31, 32, 1311
 21, 15, 1312
 26, 19, 1312
 29, 24, 1313
 31, 29, 1313
 23, 16, 1314
 27, 18, 1315
 26, 18, 1316
 30, 36, 1316
 28, 21, 1317
 28, 40, 1317
 17, 13, 1318
 29, 22, 1318
 30, 37, 1319
 30, 23, 1320
 12, 13, 1321
 15, 13, 1321
 24, 17, 1321
 32, 31, 1321
  6, 14, 1322
  5, 15, 1322
 20, 14, 1323
 31, 28, 1324
 31, 33, 1324
  4, 15, 1325
 20, 13, 1326
  1, 18, 1326
 31, 27, 1327
 32, 29, 1327
 16, 13, 1328
 19, 13, 1328
  2, 17, 1328
 30, 24, 1328
 32, 27, 1328
 25, 18, 1329
 19, 14, 1330
 12, 12, 1332
 22, 15, 1335
 28, 20, 1335
 32, 32, 1335
 24, 16, 1336
 27, 19, 1336
 18, 13, 1337
  4, 14, 1337
  3, 15, 1337
 31, 37, 1338
  9, 13, 1340
 30, 38, 1340
 27, 17, 1341
  1, 17, 1342
 11, 12, 1343
  3, 16, 1343
 15, 12, 1344
 32, 33, 1344
 16, 12, 1346
 23, 15, 1346
 25, 17, 1346
 32, 26, 1346
 13, 12, 1347
 31, 24, 1347
 29, 40, 1347
 31, 36, 1348
  7, 13, 1349
 22, 14, 1350
 30, 25, 1350
  7, 12, 1351
  8, 12, 1351
 31, 25, 1351
 25, 16, 1353
 31, 23, 1355
 26, 17, 1356
  6, 13, 1357
 19, 12, 1359
 28, 18, 1362
 30, 21, 1362
 21, 14, 1364
 30, 22, 1367
  9, 11, 1368
 28, 19, 1371
 31, 39, 1371
  5, 14, 1373
 31, 22, 1374
 26, 16, 1375
 31, 26, 1375
  3, 13, 1377
 21, 13, 1380
 24, 15, 1382
 30, 39, 1384
  9, 12, 1389
  1, 16, 1389
 30, 19, 1389
 32, 25, 1389
 29, 21, 1396
  2, 14, 1400
  3, 14, 1404
 33, 33, 1404
 12, 11, 1416
 32, 34, 1419
 18, 12, 1423
 30, 20, 1430
 17, 12, 1431
 22, 13, 1435
 10, 12, 1437
 31, 38, 1438
 14, 12, 1439
 32, 28, 1439
 23, 14, 1441
 33, 32, 1441
 32, 37, 1441
  2, 15, 1443
 25, 15, 1444
 32, 35, 1448
 14, 11, 1449
 23, 13, 1450
 31, 20, 1450
 25, 14, 1451
 32, 36, 1451
  8, 11, 1452
 29, 20, 1452
 33, 31, 1452
 31, 40, 1452
 20, 12, 1453
 29, 18, 1454
  6, 12, 1455
 27, 16, 1455
 32, 23, 1455
 33, 30, 1455
 13, 11, 1457
 16, 11, 1457
  4, 13, 1457
  5, 13, 1458
 29, 19, 1458
 34, 28, 1458
 12, 10, 1459
  4, 12, 1459
 24, 14, 1459
 33, 28, 1459
 32, 40, 1459
 11, 11, 1460
 19, 11, 1460
 24, 13, 1460
 33, 27, 1460
 30, 40, 1460
 15, 10, 1461
 15, 11, 1461
 26, 15, 1462
 32, 24, 1462
 34, 31, 1462
 32, 39, 1462
 16, 10, 1463
 21, 12, 1464
 33, 26, 1464
 33, 34, 1464
 32, 38, 1464
 10, 11, 1466
 18, 11, 1466
 34, 27, 1466
 33, 36, 1466
 31, 21, 1467
 32, 22, 1467
 34, 29, 1467
 33, 35, 1467
 17, 11, 1468
 22, 11, 1468
 28, 17, 1468
 33, 23, 1468
 33, 25, 1468
 33, 29, 1468
 34, 33, 1468
 14, 10, 1469
  7, 11, 1469
 23, 12, 1469
  1, 15, 1469
 34, 30, 1469
 34, 35, 1469
 17, 10, 1470
 27, 15, 1470
 34, 32, 1470
 33, 38, 1470
 33, 22, 1471
 33, 24, 1471
 10, 10, 1472
 30, 18, 1472
 32, 21, 1472
 33, 39, 1472
 34, 26, 1473
 35, 32, 1473
 34, 34, 1473
 35, 35, 1473
 33, 37, 1473
 12,  9, 1474
 11, 10, 1474
 21, 11, 1474
 22, 12, 1474
  9, 10, 1475
  6, 11, 1475
 35, 34, 1475
  4, 11, 1476
 25, 13, 1476
 26, 14, 1476
 35, 25, 1476
  6, 10, 1477
  5, 12, 1477
  1, 14, 1477
  8, 10, 1478
 29, 17, 1478
  3, 11, 1479
 31, 18, 1479
 35, 30, 1479
 34, 38, 1479
 13, 10, 1480
 31, 19, 1480
 34, 25, 1480
 34, 36, 1480
 21, 10, 1481
 28, 16, 1481
 33, 21, 1481
 35, 26, 1481
 34, 37, 1481
 18, 10, 1482
  5, 11, 1482
 20, 11, 1482
  1, 13, 1482
  2, 13, 1482
 28, 15, 1482
 35, 28, 1482
 35, 33, 1482
 36, 35, 1482
 30, 17, 1483
 34, 39, 1483
 32, 20, 1484
 33, 40, 1484
  8,  9, 1485
 10,  9, 1485
  7, 10, 1485
 35, 36, 1485
 16,  9, 1486
  5, 10, 1486
 20, 10, 1486
 23, 11, 1486
  3, 12, 1486
 36, 30, 1486
 35, 31, 1486
 35, 37, 1486
 15,  9, 1487
 29, 16, 1487
 36, 29, 1487
 32, 17, 1488
 34, 22, 1488
 35, 27, 1488
 34, 40, 1488
 14,  9, 1489
  2, 12, 1489
 29, 15, 1489
 34, 23, 1489
 35, 29, 1489
 36, 31, 1489
 11,  9, 1490
  4, 10, 1490
 19, 10, 1490
 24, 12, 1490
 31, 17, 1490
 35, 38, 1490
 13,  9, 1491
  2, 10, 1491
 25, 12, 1491
 13,  8, 1492
  7,  9, 1492
 17,  9, 1492
 27, 13, 1492
 34, 24, 1492
 36, 33, 1492
 24, 11, 1493
 31, 16, 1493
 18,  9, 1494
 27, 14, 1494
 28, 14, 1494
 30, 16, 1494
 35, 23, 1494
 35, 24, 1494
 36, 32, 1494
 11,  8, 1495
 32, 18, 1495
 33, 19, 1495
 34, 20, 1495
 37, 32, 1495
  1, 10, 1496
 23, 10, 1496
 35, 39, 1496
 14,  8, 1497
 15,  8, 1497
  9,  9, 1497
 25, 11, 1497
 29, 14, 1497
 32, 19, 1497
 17,  8, 1498
 22, 10, 1498
  1, 12, 1498
 26, 12, 1498
 26, 13, 1498
 20,  9, 1499
  1, 11, 1499
 28, 13, 1499
 36, 26, 1499
  6,  9, 1500
 36, 27, 1500
 37, 29, 1500
  9,  8, 1501
 16,  8, 1501
 19,  9, 1501
  3, 10, 1501
 24, 10, 1501
 36, 34, 1501
  8,  8, 1502
 18,  8, 1502
  2, 11, 1502
 33, 20, 1502
 37, 28, 1502
 12,  7, 1503
 16,  7, 1503
  5,  9, 1503
 26, 11, 1503
 34, 21, 1503
 36, 24, 1504
 10,  7, 1505
 11,  7, 1505
 12,  8, 1505
 21,  9, 1505
 37, 33, 1505
 18,  7, 1507
 10,  8, 1507
 30, 14, 1507
 30, 15, 1507
 31, 15, 1507
 35, 22, 1507
 37, 27, 1507
 37, 36, 1507
 28, 12, 1508
 36, 36, 1508
  4,  9, 1509
 27, 12, 1509
 37, 23, 1509
 36, 25, 1509
 36, 39, 1509
 33, 18, 1510
 36, 21, 1510
 35, 40, 1510
  9,  7, 1511
 19,  8, 1511
 31, 14, 1511
 34, 19, 1511
 37, 25, 1511
 36, 28, 1511
 37, 37, 1511
 13,  7, 1512
 28, 11, 1513
 29, 13, 1513
 33, 17, 1513
 36, 22, 1513
 37, 26, 1513
 37, 34, 1513
 36, 37, 1513
 13,  6, 1514
  5,  7, 1514
  6,  8, 1514
 22,  8, 1514
 25, 10, 1514
 37, 30, 1514
 20,  8, 1515
 34, 18, 1515
 36, 23, 1515
 38, 32, 1515
 36, 38, 1515
  8,  7, 1516
 14,  7, 1516
 19,  7, 1516
  4,  8, 1516
 22,  9, 1516
 23,  9, 1516
 26,  9, 1516
 35, 19, 1516
 14,  6, 1517
 17,  7, 1517
 21,  8, 1517
  2,  9, 1518
  3,  9, 1518
 32, 15, 1518
 37, 24, 1518
 38, 30, 1518
 35, 20, 1519
 37, 22, 1519
 37, 31, 1519
 37, 38, 1519
  7,  7, 1520
 15,  7, 1520
 23,  8, 1520
 24,  9, 1520
 27, 11, 1520
 32, 16, 1520
  3,  8, 1521
  5,  8, 1521
 30, 13, 1521
 33, 16, 1521
 38, 31, 1521
 38, 35, 1521
 36, 40, 1521
  9,  6, 1522
 12,  6, 1522
 15,  6, 1522
  7,  8, 1522
 26, 10, 1522
 35, 21, 1522
 38, 25, 1522
 38, 33, 1522
 11,  6, 1523
 20,  7, 1523
 21,  7, 1523
 29, 12, 1523
 38, 29, 1523
 37, 35, 1523
 18,  6, 1524
 38, 26, 1524
 39, 31, 1524
 14,  5, 1525
 24,  8, 1525
 38, 28, 1525
 39, 29, 1525
 38, 34, 1526
 39, 34, 1526
  4,  7, 1527
 25,  9, 1527
 17,  6, 1528
 19,  6, 1528
 20,  6, 1528
 39, 26, 1528
 13,  5, 1529
 39, 32, 1529
 34, 17, 1530
 38, 27, 1530
 23,  7, 1531
  1,  9, 1531
 27, 10, 1531
 39, 30, 1531
 10,  6, 1532
  6,  7, 1532
 29, 11, 1532
  8,  5, 1533
 38, 36, 1533
 38, 38, 1533
 22,  7, 1534
 35, 18, 1534
 36, 20, 1534
 30, 12, 1535
 38, 22, 1535
  7,  6, 1536
  8,  6, 1536
 16,  6, 1536
 38, 37, 1536
 10,  5, 1537
  9,  5, 1538
 33, 15, 1538
 36, 18, 1538
 39, 28, 1538
 36, 19, 1539
 25,  8, 1540
 27,  9, 1540
 32, 14, 1540
 34, 16, 1540
 39, 33, 1540
 39, 35, 1540
 11,  4, 1541
 11,  5, 1541
 12,  5, 1541
 31, 13, 1541
 37, 18, 1541
  2,  8, 1542
 28,  9, 1542
 18,  5, 1543
 21,  6, 1543
  3,  7, 1543
  7,  5, 1544
 37, 21, 1544
 39, 38, 1544
 38, 39, 1544
 37, 40, 1544
 39, 27, 1545
 37, 39, 1545
 17,  5, 1546
  6,  6, 1546
 22,  6, 1546
  1,  8, 1546
 32, 13, 1546
 34, 15, 1546
 38, 23, 1546
 39, 25, 1546
  4,  6, 1547
 20,  5, 1548
 28, 10, 1548
 12,  4, 1549
 30, 10, 1549
 35, 17, 1549
 37, 20, 1549
 15,  5, 1550
 19,  5, 1550
 21,  5, 1550
 29, 10, 1550
 40, 37, 1550
 33, 13, 1551
 38, 24, 1551
 39, 24, 1551
 13,  4, 1552
  5,  6, 1552
 23,  6, 1552
 24,  7, 1552
 25,  7, 1552
 38, 21, 1552
 40, 32, 1552
 40, 35, 1552
 10,  4, 1553
 33, 14, 1553
 40, 34, 1553
  2,  7, 1554
 26,  8, 1554
 15,  4, 1556
  5,  5, 1556
 16,  5, 1556
 31, 12, 1556
 40, 27, 1556
 39, 36, 1556
 30, 11, 1557
 34, 14, 1557
 39, 37, 1557
 26,  7, 1558
 28,  8, 1558
 37, 19, 1558
 40, 31, 1558
 16,  4, 1559
  2,  6, 1559
 31, 11, 1559
 35, 15, 1559
 35, 16, 1559
 39, 22, 1559
  9,  4, 1560
 36, 17, 1560
 40, 30, 1560
 40, 36, 1560
  7,  4, 1561
 32, 12, 1562
 38, 20, 1562
  1,  7, 1563
 39, 23, 1563
 24,  6, 1564
 32, 11, 1564
 40, 28, 1564
 19,  4, 1565
 27,  7, 1565
 40, 33, 1565
  8,  4, 1566
  3,  5, 1566
 40, 29, 1566
 11,  3, 1568
 14,  4, 1568
 21,  4, 1568
 36, 16, 1568
 31, 10, 1569
 36, 15, 1570
 34, 13, 1571
 40, 25, 1571
 14,  3, 1572
 29,  9, 1572
 15,  3, 1573
 22,  5, 1574
  3,  6, 1574
 33, 12, 1574
 38, 40, 1574
  6,  5, 1575
 33, 11, 1575
 35, 14, 1575
  9,  3, 1577
 20,  4, 1577
 25,  5, 1578
 40, 26, 1578
  2,  5, 1579
  4,  5, 1579
 22,  4, 1580
 37, 17, 1580
 39, 21, 1580
 39, 20, 1581
 17,  3, 1582
  5,  4, 1582
 36, 14, 1582
 32, 10, 1583
 18,  4, 1584
 27,  8, 1584
 38, 19, 1584
 40, 22, 1584
 40, 39, 1584
 30,  9, 1585
 23,  5, 1586
 39, 40, 1586
 37, 15, 1587
 12,  3, 1588
 13,  3, 1589
 19,  3, 1589
 39, 19, 1589
 40, 24, 1589
 18,  3, 1590
  6,  4, 1590
  7,  3, 1591
 29,  8, 1591
 24,  5, 1592
 40, 38, 1592
 39, 39, 1592
  9,  2, 1593
  8,  3, 1593
 26,  5, 1593
 15,  2, 1595
 35, 13, 1595
  6,  3, 1596
 23,  4, 1596
 26,  6, 1596
 31,  9, 1596
 16,  3, 1597
 25,  6, 1597
 16,  2, 1598
  4,  4, 1598
 33, 10, 1598
  1,  5, 1600
 34, 12, 1600
 37, 16, 1600
 38, 17, 1600
 39, 18, 1600
 40, 20, 1602
 17,  4, 1603
 27,  6, 1603
 28,  6, 1603
 30,  8, 1604
  1,  6, 1606
 39, 17, 1606
 40, 23, 1606
 34, 10, 1607
  3,  4, 1609
 28,  7, 1609
 35, 12, 1610
 38, 18, 1610
 10,  3, 1611
 14,  2, 1614
 10,  2, 1615
 12,  2, 1615
 21,  3, 1615
  2,  4, 1615
  5,  2, 1618
 32,  9, 1619
 18,  2, 1620
 20,  3, 1621
 32,  8, 1627
  5,  3, 1629
 34, 11, 1629
 25,  4, 1630
 29,  6, 1631
 29,  7, 1631
 17,  2, 1632
 40, 21, 1632
  4,  3, 1638
 11,  2, 1644
 31,  8, 1646
 19,  2, 1648
 16,  1, 1649
 27,  5, 1653
  8,  2, 1655
 33,  9, 1657
  3,  3, 1674
  9,  1, 1675
 38, 16, 1687
 36, 13, 1691
  7,  1, 1695
 31,  7, 1705
 30,  7, 1706
 38, 14, 1710
 24,  4, 1711
  1,  4, 1712
 39, 16, 1713
 24,  3, 1715
 23,  3, 1718
 37, 13, 1720
 15,  1, 1722
 38, 15, 1722
 40, 19, 1723
 17,  1, 1724
 22,  3, 1725
 13,  2, 1726
 29,  5, 1728
  7,  2, 1729
 11,  1, 1731
 12,  1, 1731
 28,  5, 1732
 32,  7, 1732
 34,  9, 1733
 27,  4, 1735
 35, 11, 1735
  3,  2, 1736
 20,  2, 1738
 36, 12, 1738
 13,  1, 1739
 40, 18, 1740
 14,  1, 1741
 18,  1, 1741
  6,  2, 1741
 31,  6, 1741
 21,  2, 1743
 35, 10, 1743
 39, 15, 1743
 38, 13, 1744
 40, 40, 1745
 26,  4, 1747
 40, 17, 1747
 22,  2, 1748
 20,  1, 1750
 37, 14, 1750
 28,  4, 1751
 36, 10, 1753
  8,  1, 1754
 25,  3, 1754
 34,  8, 1754
 33,  8, 1756
 36, 11, 1757
 37, 12, 1757
 30,  6, 1758
 40, 16, 1758
 19,  1, 1759
  4,  2, 1762
 23,  2, 1762
 24,  2, 1764
  2,  3, 1764
 39, 14, 1764
 21,  1, 1765
 26,  3, 1765
 33,  7, 1765
 35,  9, 1767
 37, 11, 1767
 10,  1, 1769
 32,  6, 1770
 29,  4, 1771
 28,  3, 1772
 31,  5, 1772
  6,  1, 1773
 24,  1, 1773
  1,  3, 1773
  2,  2, 1775
 30,  5, 1775
 34,  7, 1775
 35,  8, 1775
  5,  1, 1777
 26,  1, 1777
 25,  2, 1778
 27,  3, 1779
 38, 11, 1780
 23,  1, 1781
 25,  1, 1781
 33,  6, 1783
 35,  7, 1784
 37, 10, 1784
 40, 15, 1784
  4,  1, 1785
 30,  3, 1785
 38, 12, 1785
 36,  8, 1786
 39, 12, 1786
 29,  3, 1787
 32,  5, 1787
 22,  1, 1788
  3,  1, 1789
 36,  9, 1790
 40, 12, 1793
 28,  2, 1794
 32,  4, 1795
 37,  9, 1795
 30,  4, 1796
 39, 13, 1796
 26,  2, 1797
 31,  4, 1800
 38, 10, 1802
 34,  6, 1803
 37,  8, 1804
 29,  2, 1805
 35,  6, 1806
 40, 13, 1806
 40, 14, 1807
 27,  1, 1808
 33,  5, 1808
 27,  2, 1811
 31,  3, 1811
 35,  5, 1811
 40, 11, 1812
 38,  9, 1815
  1,  2, 1817
 29,  1, 1820
 37,  7, 1820
 36,  7, 1823
  2,  1, 1825
 32,  3, 1827
 39, 10, 1828
 34,  4, 1829
 38,  8, 1829
 34,  5, 1830
 34,  3, 1832
 31,  2, 1833
 39, 11, 1833
 39,  9, 1835
 33,  3, 1836
 35,  4, 1836
 36,  6, 1837
 33,  4, 1839
 28,  1, 1845
 40, 10, 1846
 31,  1, 1848
 37,  5, 1848
 35,  3, 1849
 38,  7, 1850
 40,  9, 1853
 30,  2, 1859
 30,  1, 1862
 36,  5, 1864
 39,  8, 1865
 32,  2, 1869
 39,  7, 1884
  1,  1, 1886
 32,  1, 1894
 33,  2, 1896
 37,  4, 1908
 34,  2, 1916
 36,  4, 1920
 38,  6, 1920
 38,  5, 1922
 33,  1, 1931
 40,  8, 1931
 36,  3, 1936
 37,  6, 1939
 35,  2, 1947
 38,  4, 1947
 34,  1, 1951
 39,  6, 1954
 40,  6, 1954
 36,  2, 1955
 39,  5, 1955
 40,  7, 1955
 35,  1, 1960
 37,  2, 1961
 38,  3, 1961
 37,  3, 1962
 40,  5, 1968
 39,  4, 1969
 36,  1, 1972
 38,  2, 1974
 40,  4, 1978
 37,  1, 1979
 40,  3, 1984
 39,  2, 1986
 39,  3, 1987
 38,  1, 1997
 40,  2, 1998
 39,  1, 2019
 40,  1, 2025
