 8,11,25,25,1
 12, 18,  447
 12, 10,  448
 11, 16,  448
 11, 17,  448
 13, 26,  448
 13, 28,  448
 31,  6,  449
 14,  8,  449
 16, 10,  449
 18, 10,  449
 31, 11,  449
 10, 26,  449
 12, 27,  449
 12, 29,  449
 15, 29,  449
 32, 29,  449
 34, 29,  449
 14, 30,  449
 26, 33,  449
 23,  7,  450
 15,  9,  450
 34, 10,  450
  9, 11,  450
 12, 12,  450
 14, 12,  450
 16, 12,  450
 35, 12,  450
 10, 13,  450
 14, 15,  450
 12, 16,  450
 12, 25,  450
 30, 26,  450
 30, 27,  450
 16, 28,  450
 20, 29,  450
 29, 29,  450
 15, 30,  450
 20, 30,  450
 29, 30,  450
 35, 31,  450
 29,  7,  451
 23,  8,  451
 13,  9,  451
 14,  9,  451
 19,  9,  451
 11, 10,  451
 15, 10,  451
 17, 10,  451
 19, 10,  451
 29, 10,  451
 14, 11,  451
 16, 11,  451
 10, 12,  451
 13, 13,  451
 17, 13,  451
 23, 13,  451
 14, 14,  451
 30, 14,  451
 36, 14,  451
 15, 15,  451
 34, 15,  451
 35, 16,  451
 10, 18,  451
 10, 20,  451
 14, 26,  451
 31, 26,  451
 11, 27,  451
 13, 27,  451
 28, 27,  451
 29, 27,  451
 14, 29,  451
 33, 29,  451
 13, 30,  451
 25, 30,  451
 12, 31,  451
 14, 31,  451
 16, 31,  451
 19, 31,  451
 28, 32,  451
 21, 33,  451
 32, 34,  451
 23, 35,  451
 15, 36,  451
 17,  8,  452
 12,  9,  452
 30,  9,  452
 32,  9,  452
 21, 10,  452
 15, 11,  452
 31, 12,  452
 32, 12,  452
 34, 12,  452
 12, 13,  452
 14, 13,  452
 12, 14,  452
 16, 14,  452
 10, 15,  452
 12, 15,  452
 35, 15,  452
 32, 20,  452
 10, 22,  452
 34, 23,  452
 35, 23,  452
 11, 24,  452
 35, 25,  452
 16, 27,  452
 36, 27,  452
 11, 28,  452
 12, 28,  452
 23, 28,  452
 16, 30,  452
 17, 31,  452
 31, 31,  452
 26, 32,  452
 27, 34,  452
 34, 34,  452
 18,  6,  453
 28,  6,  453
 29,  6,  453
 12,  7,  453
 17,  7,  453
 27,  7,  453
 33,  7,  453
 11,  8,  453
 18,  8,  453
 22,  8,  453
 27,  8,  453
 29,  8,  453
 16,  9,  453
 22,  9,  453
 26,  9,  453
 27,  9,  453
 14, 10,  453
 13, 11,  453
 21, 11,  453
 27, 11,  453
 32, 11,  453
 34, 11,  453
 35, 11,  453
  9, 12,  453
 13, 12,  453
 21, 12,  453
 36, 13,  453
 19, 14,  453
 31, 14,  453
 33, 14,  453
 11, 15,  453
 16, 15,  453
 33, 15,  453
 32, 16,  453
 37, 16,  453
  9, 17,  453
 12, 17,  453
 33, 17,  453
 34, 17,  453
 11, 18,  453
 13, 19,  453
 35, 19,  453
 35, 20,  453
 33, 24,  453
 11, 25,  453
 14, 25,  453
 32, 25,  453
 15, 26,  453
 32, 26,  453
 35, 26,  453
 10, 27,  453
 22, 27,  453
 34, 27,  453
 35, 27,  453
 15, 28,  453
 17, 28,  453
 35, 28,  453
  9, 29,  453
 10, 29,  453
 13, 29,  453
 16, 29,  453
 30, 29,  453
 12, 30,  453
 24, 30,  453
 30, 30,  453
 36, 30,  453
 15, 31,  453
 20, 31,  453
 25, 31,  453
 21, 32,  453
 31, 32,  453
 32, 32,  453
 26, 34,  453
 16, 35,  453
 15,  6,  454
 11,  7,  454
 30,  7,  454
 34,  7,  454
 12,  8,  454
 31,  8,  454
 20,  9,  454
 24,  9,  454
 25,  9,  454
 28,  9,  454
 29,  9,  454
 35,  9,  454
 13, 10,  454
 20, 10,  454
 25, 10,  454
 32, 10,  454
 25, 11,  454
 30, 11,  454
 33, 11,  454
 27, 12,  454
  8, 13,  454
 37, 13,  454
  7, 14,  454
  9, 14,  454
 15, 14,  454
 35, 14,  454
 13, 15,  454
 31, 15,  454
 32, 15,  454
  9, 16,  454
 13, 16,  454
 34, 16,  454
 10, 17,  454
  9, 18,  454
 14, 18,  454
 32, 18,  454
 33, 20,  454
 12, 21,  454
 13, 21,  454
 32, 22,  454
 10, 24,  454
 14, 24,  454
 32, 24,  454
 36, 24,  454
 13, 25,  454
 12, 26,  454
 32, 27,  454
 37, 27,  454
 39, 27,  454
 10, 28,  454
 14, 28,  454
 18, 28,  454
 21, 28,  454
 29, 28,  454
 33, 28,  454
 34, 28,  454
 17, 29,  454
 31, 29,  454
 17, 30,  454
 18, 30,  454
 22, 30,  454
 23, 30,  454
 27, 30,  454
 28, 30,  454
 31, 30,  454
 33, 30,  454
 13, 31,  454
 21, 31,  454
 22, 31,  454
 28, 31,  454
 30, 31,  454
 13, 32,  454
 30, 32,  454
 11, 33,  454
 14, 33,  454
 16, 33,  454
 19, 33,  454
 13, 34,  454
 31, 34,  454
 25, 35,  454
 20, 36,  454
 22, 36,  454
 11,  5,  455
 21,  5,  455
 28,  5,  455
 24,  7,  455
 26,  7,  455
 13,  8,  455
 21,  8,  455
 25,  8,  455
 26,  8,  455
 28,  8,  455
 33,  8,  455
 18,  9,  455
 33,  9,  455
 34,  9,  455
 10, 10,  455
 24, 10,  455
 33, 10,  455
 35, 10,  455
 11, 11,  455
 12, 11,  455
 17, 11,  455
 19, 11,  455
 29, 11,  455
 18, 12,  455
 29, 12,  455
 33, 12,  455
 11, 13,  455
 15, 13,  455
 16, 13,  455
 33, 13,  455
 13, 14,  455
 28, 14,  455
 32, 14,  455
 30, 15,  455
 10, 16,  455
 14, 16,  455
 18, 16,  455
 37, 17,  455
 34, 18,  455
 36, 20,  455
 11, 21,  455
 15, 21,  455
 34, 21,  455
  9, 22,  455
 15, 22,  455
 16, 22,  455
 34, 22,  455
 10, 23,  455
 11, 23,  455
 13, 23,  455
 16, 23,  455
 31, 23,  455
 33, 23,  455
 36, 23,  455
 29, 24,  455
 34, 24,  455
 10, 25,  455
 16, 25,  455
 31, 25,  455
 36, 25,  455
 37, 25,  455
 11, 26,  455
 20, 26,  455
 28, 26,  455
 33, 26,  455
 14, 27,  455
 25, 28,  455
 28, 28,  455
 32, 28,  455
 26, 29,  455
 11, 30,  455
 32, 30,  455
 37, 30,  455
 18, 31,  455
 29, 31,  455
 34, 31,  455
 36, 31,  455
 15, 32,  455
 18, 32,  455
 20, 32,  455
 25, 32,  455
 33, 32,  455
 35, 32,  455
 12, 33,  455
 17, 33,  455
 23, 33,  455
 25, 33,  455
 27, 33,  455
 28, 33,  455
 16, 34,  455
 21, 34,  455
 17, 35,  455
 29, 35,  455
 25, 36,  455
 20,  6,  456
 22,  6,  456
 10,  7,  456
 32,  7,  456
 30,  8,  456
  8,  9,  456
 10,  9,  456
 36,  9,  456
 22, 10,  456
 27, 10,  456
 31, 10,  456
 18, 11,  456
 20, 11,  456
 36, 11,  456
  8, 12,  456
 17, 12,  456
 37, 12,  456
 39, 12,  456
  8, 14,  456
 10, 14,  456
  9, 15,  456
 19, 15,  456
 39, 16,  456
 13, 17,  456
 16, 17,  456
 35, 17,  456
 35, 18,  456
 11, 19,  456
 37, 19,  456
 11, 20,  456
 13, 20,  456
 14, 20,  456
 15, 20,  456
 32, 21,  456
 33, 21,  456
 37, 21,  456
 31, 22,  456
 12, 23,  456
 15, 23,  456
 37, 23,  456
 12, 24,  456
 13, 24,  456
 17, 25,  456
 34, 25,  456
  9, 26,  456
 17, 26,  456
 29, 26,  456
 36, 26,  456
  9, 27,  456
 21, 27,  456
 26, 27,  456
 27, 27,  456
 31, 27,  456
 20, 28,  456
 30, 28,  456
 19, 29,  456
 21, 29,  456
 23, 29,  456
 25, 29,  456
 28, 29,  456
 35, 29,  456
 36, 29,  456
 10, 30,  456
 19, 30,  456
 21, 30,  456
 34, 30,  456
  9, 31,  456
 11, 31,  456
 23, 31,  456
 27, 31,  456
 14, 32,  456
 16, 32,  456
 17, 32,  456
 34, 32,  456
 20, 33,  456
 30, 33,  456
 22, 34,  456
 23, 34,  456
 28, 34,  456
 29, 34,  456
 33, 34,  456
 24, 36,  456
 17,  5,  457
 31,  5,  457
  9,  6,  457
 11,  6,  457
 16,  6,  457
 17,  6,  457
 23,  6,  457
 32,  6,  457
 34,  6,  457
 15,  7,  457
 16,  7,  457
 35,  7,  457
 34,  8,  457
 35,  8,  457
 11,  9,  457
 17,  9,  457
 23,  9,  457
 31,  9,  457
 37,  9,  457
  9, 10,  457
 28, 10,  457
 30, 10,  457
 36, 10,  457
 23, 11,  457
 24, 11,  457
 37, 11,  457
 15, 12,  457
 24, 12,  457
 28, 12,  457
 36, 12,  457
 18, 13,  457
 34, 13,  457
 20, 14,  457
 37, 14,  457
 18, 15,  457
 29, 15,  457
 27, 16,  457
 29, 16,  457
 14, 17,  457
 31, 17,  457
 32, 17,  457
 12, 19,  457
 30, 19,  457
 33, 19,  457
  9, 20,  457
 12, 20,  457
 31, 20,  457
  9, 21,  457
 35, 21,  457
 11, 22,  457
 36, 22,  457
 14, 23,  457
 32, 23,  457
 38, 23,  457
 17, 24,  457
 30, 24,  457
  9, 25,  457
 24, 25,  457
 33, 25,  457
 38, 25,  457
 16, 26,  457
 19, 26,  457
 25, 26,  457
 26, 26,  457
 25, 27,  457
 33, 27,  457
  7, 28,  457
 19, 28,  457
 31, 28,  457
 37, 28,  457
 38, 28,  457
 27, 29,  457
 37, 29,  457
 38, 29,  457
 35, 30,  457
 32, 31,  457
  9, 32,  457
 10, 32,  457
 12, 32,  457
 19, 32,  457
 23, 32,  457
 15, 33,  457
 22, 33,  457
 31, 33,  457
 32, 33,  457
 35, 33,  457
 20, 34,  457
 25, 34,  457
 30, 34,  457
 27, 35,  457
 21, 36,  457
 35, 36,  457
 16, 37,  457
 21,  4,  458
 27,  4,  458
 10,  5,  458
 18,  5,  458
 23,  5,  458
 14,  6,  458
 33,  6,  458
 35,  6,  458
 13,  7,  458
 14,  7,  458
 20,  7,  458
 21,  7,  458
 25,  7,  458
 28,  7,  458
 36,  7,  458
 16,  8,  458
 19,  8,  458
 24,  8,  458
 32,  8,  458
  9,  9,  458
  8, 10,  458
 26, 10,  458
 26, 11,  458
 28, 11,  458
 26, 12,  458
 30, 12,  458
 38, 12,  458
  9, 13,  458
 28, 13,  458
 29, 13,  458
 30, 13,  458
 18, 14,  458
 29, 14,  458
 40, 14,  458
  8, 15,  458
 36, 15,  458
 16, 16,  458
 33, 16,  458
 36, 16,  458
  8, 17,  458
 15, 17,  458
  5, 18,  458
 15, 19,  458
 31, 19,  458
 32, 19,  458
 36, 19,  458
 38, 19,  458
 38, 20,  458
 39, 20,  458
  8, 21,  458
 10, 21,  458
  8, 22,  458
 12, 22,  458
 33, 22,  458
  8, 23,  458
  9, 23,  458
  7, 24,  458
 31, 24,  458
 37, 24,  458
 38, 24,  458
 15, 25,  458
 29, 25,  458
 30, 25,  458
 27, 26,  458
 37, 26,  458
 39, 26,  458
  7, 27,  458
 17, 27,  458
 18, 27,  458
 22, 28,  458
 27, 28,  458
 11, 29,  458
 22, 29,  458
 39, 29,  458
  9, 30,  458
 38, 30,  458
 37, 31,  458
 22, 32,  458
 24, 32,  458
 27, 32,  458
 29, 32,  458
 37, 32,  458
 36, 33,  458
 24, 34,  458
 18, 35,  458
 20, 35,  458
 19, 36,  458
 26, 38,  458
 10,  4,  459
 15,  4,  459
 22,  4,  459
 24,  4,  459
 26,  4,  459
 29,  4,  459
 32,  5,  459
 35,  5,  459
  8,  6,  459
 21,  6,  459
 24,  6,  459
 30,  6,  459
 18,  7,  459
 19,  7,  459
 22,  7,  459
 15,  8,  459
 11, 12,  459
 20, 12,  459
 19, 13,  459
 21, 13,  459
 31, 13,  459
 32, 13,  459
 11, 14,  459
 17, 14,  459
 34, 14,  459
 17, 15,  459
 15, 16,  459
 17, 16,  459
 38, 16,  459
 36, 17,  459
 38, 17,  459
  7, 18,  459
  8, 18,  459
 17, 18,  459
 38, 18,  459
 10, 19,  459
 14, 19,  459
 34, 19,  459
  7, 20,  459
 37, 20,  459
 36, 21,  459
 38, 21,  459
 30, 22,  459
 37, 22,  459
 28, 23,  459
  8, 24,  459
 16, 24,  459
 18, 24,  459
 35, 24,  459
 19, 25,  459
 28, 25,  459
  8, 26,  459
 21, 26,  459
 38, 26,  459
 26, 28,  459
 39, 28,  459
  7, 29,  459
  8, 29,  459
 18, 29,  459
 24, 29,  459
  8, 30,  459
 10, 31,  459
 24, 31,  459
 33, 31,  459
 38, 31,  459
 13, 33,  459
 18, 33,  459
 29, 33,  459
 14, 34,  459
 15, 34,  459
 17, 34,  459
 19, 34,  459
 15, 35,  459
 19, 35,  459
 24, 35,  459
 26, 35,  459
 17, 36,  459
 29, 36,  459
 12, 37,  459
 17, 37,  459
 24,  3,  460
 16,  5,  460
 24,  5,  460
 26,  5,  460
 30,  5,  460
  8,  7,  460
  9,  7,  460
 31,  7,  460
 36,  8,  460
 37,  8,  460
 21,  9,  460
  6, 10,  460
  8, 11,  460
 10, 11,  460
  6, 12,  460
 19, 12,  460
 23, 12,  460
 20, 13,  460
 27, 13,  460
  7, 15,  460
 26, 15,  460
 28, 15,  460
 37, 15,  460
  7, 16,  460
 31, 16,  460
 29, 17,  460
 30, 18,  460
 36, 18,  460
  8, 19,  460
  9, 19,  460
 30, 20,  460
 34, 20,  460
  7, 21,  460
 31, 21,  460
 13, 22,  460
  7, 23,  460
  9, 24,  460
 15, 24,  460
 39, 24,  460
  7, 25,  460
 18, 25,  460
 20, 25,  460
 34, 26,  460
 40, 26,  460
  8, 27,  460
 15, 27,  460
 19, 27,  460
  8, 28,  460
  9, 28,  460
 26, 30,  460
 26, 31,  460
 11, 32,  460
 36, 32,  460
 24, 33,  460
 33, 33,  460
 37, 33,  460
 11, 35,  460
 14, 35,  460
 21, 35,  460
 30, 35,  460
 35, 35,  460
 36, 35,  460
 14, 36,  460
 16, 36,  460
 22, 37,  460
 23, 37,  460
 26, 37,  460
 26,  1,  461
 14,  3,  461
 15,  3,  461
 27,  3,  461
 28,  3,  461
 16,  4,  461
 13,  5,  461
 20,  5,  461
 27,  5,  461
 10,  6,  461
 13,  6,  461
 19,  6,  461
 26,  6,  461
  9,  8,  461
 37, 10,  461
 38, 10,  461
  6, 11,  461
 22, 11,  461
  7, 12,  461
 22, 13,  461
 25, 13,  461
 38, 13,  461
 39, 14,  461
  8, 16,  461
 28, 16,  461
  7, 17,  461
 17, 17,  461
 18, 17,  461
 30, 17,  461
 15, 18,  461
 33, 18,  461
 37, 18,  461
  8, 20,  461
 18, 20,  461
 16, 21,  461
  5, 22,  461
 35, 22,  461
 29, 23,  461
 28, 24,  461
 23, 27,  461
 38, 27,  461
 36, 28,  461
  7, 30,  461
  8, 32,  461
 38, 33,  461
 13, 35,  461
 28, 35,  461
 31, 35,  461
 33, 35,  461
 32, 36,  461
 21, 38,  461
 27, 38,  461
 17,  3,  462
 21,  3,  462
 33,  3,  462
 18,  4,  462
 20,  4,  462
 28,  4,  462
 30,  4,  462
 35,  4,  462
 14,  5,  462
 22,  5,  462
 12,  6,  462
 27,  6,  462
  6,  8,  462
  7, 11,  462
 22, 12,  462
 26, 13,  462
 35, 13,  462
 23, 14,  462
 39, 15,  462
 13, 18,  462
 16, 18,  462
 19, 18,  462
 31, 18,  462
  7, 19,  462
 29, 19,  462
 16, 20,  462
  6, 21,  462
 17, 21,  462
 14, 22,  462
 28, 22,  462
 39, 22,  462
 27, 23,  462
  8, 25,  462
 22, 26,  462
 23, 26,  462
 20, 27,  462
 24, 27,  462
  8, 31,  462
 39, 32,  462
  8, 33,  462
 10, 33,  462
 10, 34,  462
 35, 34,  462
 22, 35,  462
 12, 36,  462
 18, 36,  462
 26, 36,  462
 21, 37,  462
 14, 38,  462
 18,  3,  463
 26,  3,  463
 34,  3,  463
 14,  4,  463
 19,  4,  463
 32,  4,  463
 33,  4,  463
 12,  5,  463
 15,  5,  463
 19,  5,  463
 29,  5,  463
 33,  5,  463
 34,  5,  463
 25,  6,  463
 36,  6,  463
  8,  8,  463
 10,  8,  463
  7,  9,  463
 38,  9,  463
 23, 10,  463
 38, 11,  463
  7, 13,  463
 21, 14,  463
 27, 14,  463
  4, 15,  463
  6, 15,  463
 27, 15,  463
  6, 16,  463
 30, 16,  463
 39, 18,  463
 40, 18,  463
 16, 19,  463
  6, 20,  463
 14, 21,  463
 40, 21,  463
 29, 22,  463
 17, 23,  463
 30, 23,  463
 40, 24,  463
  6, 25,  463
 26, 25,  463
 27, 25,  463
  7, 26,  463
 24, 28,  463
  6, 29,  463
  6, 30,  463
 39, 30,  463
 18, 34,  463
 32, 35,  463
 27, 36,  463
 28, 36,  463
 31, 36,  463
 34, 36,  463
 18, 37,  463
 20, 37,  463
 28, 37,  463
 31, 37,  463
 12,  3,  464
 16,  3,  464
 23,  3,  464
 13,  4,  464
 36,  4,  464
 37,  7,  464
 20,  8,  464
 39,  8,  464
  7, 10,  464
 25, 12,  464
 24, 14,  464
 25, 14,  464
 26, 14,  464
 38, 14,  464
  5, 16,  464
  6, 17,  464
 19, 17,  464
 40, 17,  464
 18, 18,  464
 29, 18,  464
 18, 19,  464
 39, 19,  464
  5, 21,  464
 30, 21,  464
 39, 23,  464
 23, 25,  464
 25, 25,  464
 39, 25,  464
  6, 26,  464
 18, 26,  464
  6, 27,  464
  6, 28,  464
 38, 32,  464
 34, 33,  464
 12, 35,  464
 34, 35,  464
 13, 36,  464
 30, 36,  464
 33, 36,  464
 19, 37,  464
 32, 37,  464
 34, 37,  464
 18, 38,  464
 24, 38,  464
 20,  1,  465
 11,  3,  465
 20,  3,  465
 30,  3,  465
 12,  4,  465
 17,  4,  465
 25,  4,  465
 25,  5,  465
 36,  5,  465
 38,  6,  465
  7,  8,  465
 38,  8,  465
  6,  9,  465
 39,  9,  465
 39, 11,  465
 40, 11,  465
  6, 13,  465
 40, 13,  465
  5, 15,  465
 25, 15,  465
 40, 15,  465
 26, 16,  465
  5, 17,  465
 20, 17,  465
  6, 18,  465
  5, 19,  465
 40, 19,  465
 29, 20,  465
 19, 21,  465
 26, 21,  465
 17, 22,  465
 18, 22,  465
 38, 22,  465
  6, 23,  465
 40, 23,  465
  6, 24,  465
 19, 24,  465
 25, 24,  465
 21, 25,  465
 24, 26,  465
 40, 29,  465
  7, 33,  465
  9, 33,  465
  8, 34,  465
 38, 35,  465
 25, 37,  465
 15, 38,  465
 23, 38,  465
 30, 38,  465
 32, 38,  465
 24, 39,  465
 20,  2,  466
 19,  3,  466
 32,  3,  466
 23,  4,  466
 31,  4,  466
 37,  6,  466
 39,  7,  466
  4, 11,  466
  5, 12,  466
 20, 15,  466
 21, 15,  466
 22, 15,  466
 23, 15,  466
 38, 15,  466
 24, 16,  466
 22, 17,  466
 28, 17,  466
 39, 17,  466
 28, 18,  466
 21, 19,  466
 17, 20,  466
 27, 21,  466
  7, 22,  466
 20, 24,  466
 27, 24,  466
 22, 25,  466
 40, 27,  466
 40, 28,  466
  7, 31,  466
 11, 34,  466
 37, 34,  466
 37, 35,  466
 23, 36,  466
 36, 36,  466
 15, 37,  466
 30, 37,  466
 16, 38,  466
 20, 38,  466
 22, 38,  466
 17, 39,  466
 15,  2,  467
 24,  2,  467
 26,  2,  467
 32,  2,  467
 22,  3,  467
  9,  5,  467
  7,  7,  467
 38,  7,  467
  5,  8,  467
 40,  9,  467
 40, 12,  467
  5, 13,  467
  6, 14,  467
 24, 15,  467
 27, 17,  467
  6, 19,  467
 27, 19,  467
 18, 21,  467
 29, 21,  467
 39, 21,  467
  6, 22,  467
 18, 23,  467
  5, 24,  467
 23, 24,  467
 39, 31,  467
  7, 32,  467
 39, 33,  467
  9, 34,  467
 12, 34,  467
 36, 34,  467
 40, 34,  467
  9, 35,  467
 13, 37,  467
 24, 37,  467
 17, 38,  467
 18, 39,  467
 23, 39,  467
 30,  1,  468
 13,  2,  468
 17,  2,  468
 18,  2,  468
  9,  4,  468
 11,  4,  468
 37,  5,  468
  4, 10,  468
 39, 10,  468
  5, 14,  468
 22, 14,  468
 19, 16,  468
 20, 16,  468
  4, 17,  468
 17, 19,  468
 19, 19,  468
  5, 20,  468
 26, 20,  468
 28, 20,  468
 28, 21,  468
 25, 22,  468
 26, 22,  468
 27, 22,  468
 21, 24,  468
 22, 24,  468
  5, 26,  468
 39, 35,  468
 10, 36,  468
  9, 37,  468
 27, 37,  468
 33, 37,  468
 35, 37,  468
 33, 38,  468
 34, 38,  468
 19, 39,  468
 16,  2,  469
 29,  2,  469
 10,  3,  469
 35,  3,  469
 34,  4,  469
 40,  8,  469
  4, 14,  469
  4, 18,  469
  4, 19,  469
  4, 20,  469
 27, 20,  469
 21, 21,  469
 40, 22,  469
 19, 23,  469
 24, 24,  469
 26, 24,  469
 40, 25,  469
  5, 28,  469
  6, 31,  469
  6, 33,  469
 11, 36,  469
 10, 37,  469
 29, 37,  469
 13, 38,  469
 19, 38,  469
 25, 38,  469
 27, 39,  469
 28, 39,  469
 12,  1,  470
 21,  1,  470
 28,  1,  470
 25,  3,  470
 29,  3,  470
 31,  3,  470
  7,  4,  470
 37,  4,  470
  8,  5,  470
  6,  7,  470
 24, 13,  470
 40, 16,  470
 20, 19,  470
 28, 19,  470
 19, 20,  470
 19, 22,  470
  4, 23,  470
 26, 23,  470
  5, 25,  470
  4, 31,  470
  6, 32,  470
 40, 32,  470
 14, 37,  470
 12, 38,  470
 31, 38,  470
 25, 39,  470
 31,  2,  471
 13,  3,  471
 39, 13,  471
 25, 16,  471
 23, 17,  471
 27, 18,  471
 24, 19,  471
 20, 20,  471
 40, 20,  471
 21, 22,  471
 20, 23,  471
 22, 23,  471
 24, 23,  471
  5, 29,  471
 38, 34,  471
  6, 35,  471
  7, 35,  471
  9, 36,  471
 10, 38,  471
 28, 38,  471
 16, 39,  471
 22, 39,  471
 19,  1,  472
 27,  1,  472
 10,  2,  472
 22,  2,  472
 27,  2,  472
 28,  2,  472
  6,  5,  472
 39,  6,  472
 40,  6,  472
  5,  7,  472
 40,  7,  472
  5, 10,  472
 40, 10,  472
  5, 11,  472
 23, 16,  472
 21, 17,  472
 25, 17,  472
 22, 18,  472
 25, 18,  472
 25, 19,  472
 25, 21,  472
 20, 22,  472
  5, 23,  472
  4, 25,  472
  5, 27,  472
 40, 30,  472
 40, 31,  472
 40, 33,  472
  6, 34,  472
  7, 36,  472
 11, 37,  472
 35, 38,  472
 21, 39,  472
 17, 40,  472
 11,  1,  473
 16,  1,  473
 22,  1,  473
 25,  1,  473
 14,  2,  473
 19,  2,  473
 30,  2,  473
 38,  3,  473
  8,  4,  473
  7,  5,  473
  7,  6,  473
  5,  9,  473
  4, 16,  473
 20, 18,  473
 22, 20,  473
 20, 21,  473
 24, 22,  473
 21, 23,  473
  7, 34,  473
  8, 35,  473
 10, 35,  473
 35, 39,  473
 15, 40,  473
 11,  2,  474
 21,  2,  474
 25,  2,  474
 35,  2,  474
 39,  5,  474
  4,  9,  474
  4, 13,  474
 21, 16,  474
 22, 16,  474
 24, 18,  474
 23, 19,  474
  3, 21,  474
  4, 22,  474
  4, 26,  474
  5, 32,  474
 40, 35,  474
 37, 37,  474
 29, 38,  474
 15, 39,  474
 26, 39,  474
 29, 39,  474
 28, 40,  474
 15,  1,  475
 23,  1,  475
 29,  1,  475
 23,  2,  475
 33,  2,  475
  6,  6,  475
  4,  7,  475
  2, 13,  475
 26, 17,  475
 21, 18,  475
 26, 19,  475
 21, 20,  475
 24, 21,  475
  3, 25,  475
  5, 31,  475
  5, 34,  475
 39, 36,  475
 36, 37,  475
 20, 39,  475
 31, 39,  475
 18, 40,  475
 22, 40,  475
 13,  1,  476
 17,  1,  476
 18,  1,  476
  4,  8,  476
  3, 17,  476
 24, 17,  476
 25, 20,  476
 22, 22,  476
 25, 23,  476
  4, 24,  476
  3, 27,  476
  3, 28,  476
  5, 33,  476
 38, 36,  476
  8, 37,  476
 30, 39,  476
 24, 40,  476
 26, 40,  476
 14,  1,  477
 24,  1,  477
 33,  1,  477
  8,  3,  477
  9,  3,  477
  4, 12,  477
 26, 18,  477
 23, 20,  477
  4, 21,  477
  5, 30,  477
 36, 38,  477
 13, 39,  477
 30, 40,  477
 34,  1,  478
 12,  2,  478
 37,  3,  478
  3, 12,  478
  3, 13,  478
  3, 18,  478
 22, 19,  478
 23, 22,  478
 23, 23,  478
  4, 27,  478
  4, 30,  478
 37, 36,  478
 11, 38,  478
 14, 39,  478
 32, 39,  478
 14, 40,  478
 16, 40,  478
 31,  1,  479
 35,  1,  479
 34,  2,  479
 36,  2,  479
 39,  2,  479
 36,  3,  479
  2, 14,  479
  3, 19,  479
  3, 29,  479
  8, 36,  479
  7, 37,  479
 40, 37,  479
 37, 38,  479
 20, 40,  479
 25, 40,  479
 27, 40,  479
 32,  1,  480
 39,  3,  480
 39,  4,  480
 40,  5,  480
  3,  9,  480
  3, 11,  480
 23, 18,  480
 24, 20,  480
 22, 21,  480
  3, 22,  480
  2, 23,  480
  3, 23,  480
  2, 26,  480
  4, 29,  480
 39, 34,  480
 38, 38,  480
 10, 39,  480
 12, 39,  480
 34, 39,  480
 31, 40,  480
 37,  1,  481
 38,  4,  481
 38,  5,  481
  5,  6,  481
  3,  7,  481
  2, 11,  481
  2, 16,  481
  2, 19,  481
 23, 21,  481
  4, 28,  481
  3, 30,  481
 11, 39,  481
 33, 39,  481
 12, 40,  481
 21, 40,  481
 32, 40,  481
  5,  5,  482
  3, 14,  482
  1, 15,  482
  4, 32,  482
 19, 40,  482
 23, 40,  482
 39,  1,  483
  3, 15,  483
  3, 16,  483
  2, 18,  483
  3, 20,  483
  2, 24,  483
  3, 31,  483
  3, 33,  483
  4, 34,  483
 38, 37,  483
  6,  4,  484
  4,  6,  484
  1, 16,  484
  1, 17,  484
  3, 24,  484
  5, 36,  484
 36, 39,  484
 38, 39,  484
 29, 40,  484
  9,  1,  485
  6,  3,  485
  7,  3,  485
  5,  4,  485
  3, 10,  485
  9, 38,  485
  9, 40,  485
 34, 40,  485
  8,  2,  486
  9,  2,  486
 37,  2,  486
 38,  2,  486
  2, 17,  486
  2, 25,  486
  3, 26,  486
  2, 27,  486
  2, 29,  486
  7, 38,  486
  4,  5,  487
  3,  8,  487
  2, 10,  487
  2, 15,  487
  3, 32,  487
  4, 33,  487
  6, 36,  487
  8, 38,  487
 13, 40,  487
 33, 40,  487
  7,  2,  488
  4,  4,  488
  2,  9,  488
  2, 22,  488
  1, 23,  488
 39, 37,  488
 40, 38,  488
 10, 40,  488
 11, 40,  488
 35, 40,  488
 36,  1,  489
  1, 19,  489
  2, 20,  489
 39, 38,  489
  5,  3,  490
  2, 12,  490
  2, 21,  490
  2, 30,  490
  2, 31,  490
 37, 39,  490
  8,  1,  491
  2,  8,  491
  1, 18,  491
  1, 24,  491
  3,  5,  492
  1, 10,  492
  1, 20,  492
  1, 25,  492
  8, 39,  492
  9, 39,  492
 10,  1,  493
  1, 12,  493
  3, 34,  493
  5, 35,  493
 40, 36,  493
  6, 37,  493
 39, 39,  493
  6,  2,  494
  3,  4,  494
 40,  4,  494
  3,  6,  494
  2, 28,  494
  2, 32,  494
  5, 37,  494
  7,  1,  495
  1, 21,  495
  1, 29,  495
  6, 38,  495
  1, 13,  496
  1, 14,  496
 40,  3,  497
  2,  7,  497
  1, 22,  497
  1, 28,  497
  2, 33,  497
  3, 35,  497
  4, 35,  497
  6, 39,  497
 38, 40,  497
  6,  1,  498
  1, 27,  498
  8, 40,  498
 37, 40,  498
  1, 26,  499
 36, 40,  499
 38,  1,  500
  2,  5,  500
  1,  9,  500
  1, 11,  500
  4, 36,  500
  7, 39,  500
 40, 39,  500
  2, 34,  501
  1,  8,  502
  1, 30,  503
  5,  2,  504
  1, 31,  504
  4,  2,  505
  5, 38,  505
 40,  2,  506
  4,  3,  507
  1,  7,  507
  7, 40,  507
  3,  3,  509
 39, 40,  509
  3, 36,  510
  2,  6,  511
  1, 33,  512
  1,  6,  513
  1, 32,  513
  4, 37,  513
  4, 38,  513
  2,  4,  514
  3, 37,  514
  3,  2,  515
  1, 35,  515
  6, 40,  515
  4, 39,  517
  5, 39,  517
  5,  1,  518
  2,  3,  518
  2, 35,  519
  3, 38,  519
  4,  1,  520
 40,  1,  520
  2, 36,  520
  2, 37,  520
  1, 34,  522
 40, 40,  527
  1,  5,  529
  2, 38,  531
  4, 40,  531
  2,  1,  533
  3, 39,  539
  1, 36,  544
  3,  1,  545
  2, 39,  545
  5, 40,  545
  1,  4,  547
  1,  3,  552
  1, 38,  553
  1, 37,  556
  3, 40,  680
  2,  2,  690
  1,  2,  698
  1, 40,  723
  2, 40,  723
  1, 39,  740
  1,  1,  750
