 3, 1,26, 1,4
 17,  3,  456
 17,  5,  459
 16,  4,  460
 18,  4,  460
 16,  6,  460
 12,  2,  461
 15,  2,  461
 18,  3,  461
 14,  4,  461
 19,  4,  461
  8,  5,  461
 12,  5,  461
 11,  6,  461
 15,  6,  461
 14,  1,  462
 18,  2,  462
 14,  3,  462
 16,  3,  462
 11,  4,  462
 15,  5,  462
 13,  3,  463
  8,  4,  463
 12,  4,  463
 22,  4,  463
 13,  5,  463
 20,  5,  463
 17,  6,  463
 16,  1,  464
 17,  1,  464
 18,  1,  464
 11,  2,  464
 14,  2,  464
 16,  2,  464
 20,  3,  464
 15,  4,  464
 10,  5,  464
 14,  5,  464
 16,  5,  464
 18,  5,  464
 10,  6,  464
 21,  6,  464
 12,  7,  464
 15,  7,  464
 17,  7,  464
 12,  1,  465
  7,  3,  465
  9,  3,  465
 12,  3,  465
 19,  5,  465
 12,  6,  465
 14,  6,  465
 17,  9,  465
  7,  1,  466
  8,  1,  466
 13,  1,  466
  6,  2,  466
 13,  2,  466
 19,  2,  466
 20,  2,  466
  6,  3,  466
  8,  3,  466
 10,  3,  466
 11,  3,  466
 21,  3,  466
  9,  4,  466
 13,  4,  466
 20,  4,  466
 11,  5,  466
  8,  6,  466
  9,  6,  466
 16,  7,  466
 20,  7,  466
 22,  7,  466
 16,  8,  466
 10,  2,  467
 19,  3,  467
  6,  4,  467
 10,  4,  467
  7,  5,  467
 23,  5,  467
  7,  6,  467
 18,  6,  467
 14,  7,  467
 18,  8,  467
 17,  2,  468
  4,  4,  468
  6,  5,  468
 20,  6,  468
 11,  7,  468
 11,  8,  468
 14,  8,  468
 19,  8,  468
 20,  8,  468
 14,  9,  468
  7,  2,  469
  9,  2,  469
 22,  2,  469
 15,  3,  469
 23,  4,  469
  5,  5,  469
 13,  6,  469
  7,  7,  469
 18,  7,  469
  9,  8,  469
 15,  8,  469
 12,  9,  469
 13,  9,  469
  9,  1,  470
  8,  2,  470
 22,  3,  470
 17,  4,  470
 22,  6,  470
 23,  6,  470
  9,  7,  470
 13,  8,  470
 17,  8,  470
 19,  9,  470
 10,  1,  471
 19,  1,  471
 20,  1,  471
 21,  2,  471
 24,  3,  471
  2,  4,  471
 24,  4,  471
 22,  5,  471
 19,  6,  471
 19,  7,  471
 12,  8,  471
 18,  9,  471
  7,  4,  472
  9,  5,  472
 25,  6,  472
  6,  7,  472
 13,  7,  472
  8,  9,  472
 11,  9,  472
 20,  9,  472
 15, 10,  472
 17, 10,  472
 11,  1,  473
 21,  4,  473
  4,  5,  473
 23,  7,  473
  7,  9,  473
 10,  9,  473
 16,  9,  473
 11, 10,  473
 12, 10,  473
 13, 10,  473
 15, 11,  473
  6,  1,  474
 21,  1,  474
  4,  6,  474
 24,  6,  474
  8,  7,  474
 10,  7,  474
  4,  8,  474
  6,  8,  474
 21,  8,  474
 15,  9,  474
 19, 10,  474
 23,  1,  475
  4,  2,  475
  5,  2,  475
 23,  2,  475
 23,  3,  475
  3,  4,  475
 24,  5,  475
  8,  8,  475
 10,  8,  475
 21,  9,  475
 23,  9,  475
 18, 10,  475
  3,  3,  476
  5,  4,  476
 21,  5,  476
 25,  5,  476
  5,  7,  476
 21,  7,  476
  5,  8,  476
 23,  8,  476
  9,  9,  476
 22,  9,  476
 14, 10,  476
 12, 11,  476
 15,  1,  477
  3,  2,  477
 24,  2,  477
  5,  3,  477
  6,  6,  477
 26,  6,  477
 24,  7,  477
  7,  8,  477
 10, 10,  477
 20, 10,  477
 13, 11,  477
  4,  1,  478
 25,  3,  478
 26,  7,  478
  4,  9,  478
 18, 11,  478
  5,  1,  479
 22,  1,  479
 24,  1,  479
 25,  7,  479
 22,  8,  479
  3,  9,  479
  8, 10,  479
 16, 10,  479
 17, 12,  479
 25,  4,  480
  3,  6,  480
  5,  6,  480
 28,  6,  480
 25,  8,  480
  6, 10,  480
 17, 11,  480
 27,  2,  481
  4,  3,  481
 26,  4,  481
  2,  6,  481
  3,  7,  481
 27,  8,  481
  9, 10,  481
 16, 12,  481
 26,  2,  482
 28,  2,  482
  1,  3,  482
 27,  5,  482
  3,  8,  482
  6,  9,  482
 21, 10,  482
 16, 11,  482
  9, 12,  482
 14, 12,  482
 25,  1,  483
  2,  3,  483
  1,  4,  483
  3,  5,  483
  4,  7,  483
  4, 10,  483
 19, 11,  483
 20, 11,  483
 21, 11,  483
  8, 12,  483
 13, 13,  483
  1,  2,  484
 25,  2,  484
 28,  4,  484
  9, 11,  484
 14, 11,  484
 15, 12,  484
 26,  1,  485
 26,  3,  485
 26,  5,  485
  2,  7,  485
 24,  8,  485
  5,  9,  485
 24,  9,  485
 23, 10,  485
 10, 11,  485
 21, 12,  485
 27,  3,  486
  1,  5,  486
  2,  5,  486
 25,  9,  486
 24, 10,  486
  8, 11,  486
  7, 12,  486
 28,  1,  487
 27,  6,  487
 26,  8,  487
  7, 10,  487
  7, 11,  487
 11, 11,  487
  2,  2,  488
 29,  4,  488
  1,  7,  488
 26,  9,  488
 22, 10,  488
 25, 10,  488
 10, 12,  488
 18, 12,  488
  3,  1,  489
  1,  6,  489
  2,  8,  489
  1,  9,  489
  6, 11,  489
 19, 12,  489
 20, 12,  489
  2,  1,  490
 28,  3,  490
 28,  5,  490
 29,  5,  490
 27,  7,  490
  1,  8,  490
 28,  8,  490
  5, 10,  491
 26, 10,  491
 11, 12,  491
  1,  1,  492
 23, 12,  492
 14, 13,  492
 13, 12,  493
 21, 13,  493
 27,  4,  494
 22, 12,  494
 20, 13,  494
  3, 10,  495
  4, 11,  495
 22, 11,  495
 24, 11,  495
  9, 13,  495
 11, 13,  495
 15, 13,  495
 27,  1,  496
 29,  1,  496
  2, 10,  496
  4, 12,  496
  6, 12,  496
  8, 13,  496
 19, 13,  496
 29,  3,  497
  5, 11,  497
 23, 11,  497
 15, 14,  497
 29,  6,  498
 30,  6,  498
 28,  7,  498
 27,  9,  498
 28,  9,  498
 25, 11,  498
 18, 13,  498
 22, 13,  498
 12, 12,  499
 13, 14,  499
 30,  1,  500
 30,  3,  500
 30,  5,  500
 27, 10,  500
  2, 11,  500
 26, 12,  500
 12, 13,  500
 29,  7,  501
  7, 13,  501
 10, 13,  501
 17, 13,  501
 14, 14,  501
 31,  5,  502
  3, 11,  502
 16, 13,  502
  6, 14,  502
 29,  2,  503
  6, 13,  503
  5, 14,  503
  2,  9,  504
 29,  9,  505
 27, 11,  505
 24, 12,  505
 21, 14,  505
 30,  7,  506
  1, 11,  506
 13, 15,  506
 30,  2,  507
 31,  2,  507
  1, 10,  507
 16, 14,  507
 30,  4,  508
 26, 11,  508
  3, 12,  508
  7, 14,  508
  9, 14,  508
 18, 14,  508
 15, 15,  508
 28, 11,  509
 23, 13,  509
 19, 14,  509
 29,  8,  510
 29, 10,  510
 17, 14,  510
 31,  6,  511
 25, 12,  511
 32,  5,  512
  5, 12,  512
 10, 15,  512
 14, 15,  512
 31,  3,  513
 32,  3,  513
  5, 13,  513
 20, 14,  513
 22, 14,  513
 22, 15,  513
  2, 12,  514
 24, 13,  514
 12, 14,  515
 32,  1,  516
 10, 14,  516
 31,  1,  517
 31,  7,  517
 19, 15,  517
 31,  4,  518
 25, 13,  518
 17, 15,  518
 32,  6,  519
 28, 10,  519
 18, 15,  519
 30,  8,  520
 23, 14,  520
  4, 13,  521
 27, 13,  521
 20, 15,  521
 32,  2,  522
  7, 15,  522
 33,  3,  523
 29, 11,  523
  8, 14,  523
 32,  4,  524
 31,  8,  524
 32,  8,  524
 31, 10,  524
 27, 12,  525
 28, 12,  525
 11, 14,  525
 26, 14,  525
 16, 15,  525
 32,  7,  526
 30, 11,  526
 31,  9,  527
 30, 10,  527
 16, 16,  527
 30,  9,  528
 26, 13,  528
 33,  5,  529
 33,  6,  529
 33,  1,  531
 24, 14,  531
 33,  2,  532
  5, 16,  532
  3, 13,  533
 12, 15,  533
 21, 15,  533
 23, 15,  533
 19, 16,  533
 34,  3,  534
  4, 14,  534
 33,  7,  535
 13, 16,  535
 29, 12,  538
 33,  4,  539
 31, 11,  539
 28, 13,  539
 11, 16,  540
  1, 12,  541
  3, 14,  542
 12, 16,  543
 14, 16,  543
 20, 16,  543
 21, 16,  543
  5, 15,  544
 30, 12,  546
  7, 16,  546
 10, 16,  546
 16, 17,  546
  2, 13,  548
 27, 14,  549
  6, 15,  549
 34,  2,  550
 32, 10,  550
  6, 16,  550
  8, 15,  551
  9, 15,  551
 11, 15,  552
 34,  1,  554
 18, 16,  554
  8, 16,  555
 17, 16,  559
 24, 16,  559
 33,  9,  560
 25, 14,  560
 35,  1,  561
 19, 17,  561
 15, 16,  562
 11, 17,  564
 32,  9,  566
 24, 15,  566
 34,  4,  567
 22, 16,  570
 26, 15,  571
 35,  2,  576
 29, 13,  579
 28, 14,  583
 23, 16,  681
 18, 17,  686
 15, 17,  689
 14, 17,  691
  4, 15,  692
 34,  7,  693
 25, 16,  693
  9, 16,  694
 29, 14,  695
 34,  5,  697
 21, 17,  698
 17, 17,  702
 25, 15,  703
 32, 11,  705
  1, 13,  706
  2, 14,  706
 15, 18,  706
 24, 17,  707
  8, 17,  708
 31, 13,  709
 12, 17,  709
 11, 18,  709
 13, 17,  710
 34,  6,  712
 31, 12,  712
  3, 15,  712
 20, 17,  712
 33,  8,  713
 30, 13,  713
 12, 18,  714
 10, 17,  715
 10, 18,  716
 34,  8,  717
  9, 17,  717
 22, 17,  718
 23, 17,  718
 35,  3,  719
 28, 15,  719
 25, 17,  719
  6, 17,  720
 21, 18,  720
 27, 15,  721
 26, 17,  721
 14, 18,  721
 18, 18,  721
  1, 15,  722
  4, 16,  722
 20, 18,  722
 11, 19,  723
 33, 11,  724
 32, 12,  724
 16, 18,  724
 19, 18,  724
 30, 14,  727
  2, 15,  727
 13, 18,  727
 18, 19,  727
 17, 18,  728
 35,  6,  729
 34, 10,  729
  1, 14,  729
 26, 16,  729
 14, 19,  729
  5, 17,  732
 13, 19,  732
 19, 19,  732
 34,  9,  733
 28, 16,  733
  8, 18,  733
  9, 18,  733
 15, 19,  733
 33, 10,  734
 23, 18,  734
  7, 17,  735
 31, 14,  736
 16, 19,  736
 27, 16,  737
 20, 19,  737
  3, 16,  738
 29, 17,  738
  5, 18,  738
 22, 18,  738
 35,  4,  739
 35,  8,  739
  6, 18,  739
 21, 19,  739
 30, 15,  740
  7, 18,  740
 25, 18,  740
 17, 19,  740
 32, 14,  741
  2, 16,  741
 30, 16,  741
 35,  9,  742
 33, 13,  742
  4, 17,  742
 31, 15,  743
 27, 17,  743
 28, 18,  743
 35,  5,  744
 36,  5,  744
 34, 11,  744
  4, 18,  744
 12, 19,  745
 18, 20,  745
 32, 13,  746
 29, 15,  747
  6, 19,  747
 35,  7,  748
 36,  6,  749
 31, 16,  749
 24, 18,  749
 22, 19,  749
 12, 20,  749
 13, 20,  749
 15, 20,  749
 30, 17,  750
 11, 20,  750
  7, 19,  751
 28, 17,  752
 10, 19,  752
 16, 20,  752
 29, 16,  753
  3, 17,  753
 36,  4,  754
  8, 19,  754
 35, 11,  755
 34, 13,  755
 26, 18,  755
 24, 19,  755
 14, 20,  755
 17, 20,  755
 36,  7,  756
 33, 12,  756
 34, 14,  756
 10, 20,  756
 13, 21,  757
  9, 19,  758
  7, 20,  758
 36,  8,  759
 23, 19,  759
 19, 20,  759
 36,  2,  761
 36,  9,  761
 35, 10,  761
 36, 11,  761
 34, 12,  761
 33, 15,  761
 36,  3,  762
 35, 13,  762
  1, 16,  762
  5, 19,  762
  8, 20,  762
 21, 20,  762
 23, 20,  762
 15, 21,  762
  2, 17,  763
 25, 19,  763
 26, 19,  764
 27, 19,  764
 16, 21,  764
 32, 15,  765
 27, 18,  765
 22, 20,  766
 37,  4,  767
 29, 18,  767
 18, 21,  767
 31, 17,  768
 28, 19,  768
 20, 21,  768
 36, 10,  769
  4, 20,  769
  9, 20,  769
 20, 20,  769
 21, 21,  769
 37, 10,  770
 32, 16,  771
  3, 19,  771
 14, 22,  771
  6, 20,  772
 24, 20,  772
 10, 21,  772
 14, 21,  772
 19, 21,  772
 36,  1,  773
 37,  3,  773
  3, 18,  775
 30, 18,  775
  1, 17,  776
 37,  8,  777
 32, 17,  778
 18, 22,  778
 37,  2,  779
 35, 12,  779
 33, 14,  779
 31, 18,  779
 37,  6,  780
  9, 21,  780
 37,  7,  782
 26, 20,  782
 11, 21,  782
 37,  5,  783
 33, 16,  783
  1, 18,  783
 12, 21,  783
 22, 21,  783
 36, 12,  784
 36, 13,  784
 11, 22,  784
 37,  9,  785
 37, 11,  785
  2, 18,  786
 29, 19,  786
 23, 21,  786
 17, 22,  786
 17, 21,  788
 37,  1,  789
 34, 16,  789
 24, 21,  789
 30, 19,  790
 27, 20,  790
 38, 12,  791
 38,  7,  792
  5, 20,  792
 35, 14,  793
 29, 20,  793
 34, 15,  794
  8, 21,  794
 10, 22,  794
 19, 22,  794
 25, 20,  795
 28, 20,  795
  7, 21,  795
 38,  8,  796
  4, 19,  796
 13, 23,  796
 23, 22,  799
 38, 11,  800
 38,  4,  801
 39,  5,  801
 33, 17,  801
 15, 22,  802
 39,  3,  803
 38,  3,  804
 32, 18,  804
 35, 17,  807
 38, 10,  808
 35, 15,  809
 13, 22,  812
 37, 12,  813
  2, 19,  813
 12, 22,  813
 15, 23,  814
 21, 22,  815
 35, 16,  816
 38,  2,  819
 38,  5,  819
 22, 22,  821
 12, 23,  822
 16, 23,  825
 39,  7,  826
 39,  9,  826
 32, 19,  826
 36, 14,  827
 10, 23,  832
 25, 21,  838
 38,  9,  840
  3, 20,  840
  8, 22,  841
 20, 22,  841
 18, 23,  848
 16, 22,  850
  2, 20,  868
 12, 24,  891
  9, 22,  895
 38,  6,  897
 20, 23,  898
  6, 21,  899
 27, 21,  900
 39,  8,  901
  7, 22,  905
 11, 23,  905
 14, 23,  905
  6, 23,  906
 17, 23,  907
  3, 21,  909
  8, 23,  909
 36, 15,  911
 26, 21,  911
 16, 24,  912
 31, 19,  913
 24, 23,  913
 29, 21,  914
 30, 21,  914
 19, 23,  914
 37, 13,  915
 15, 24,  915
 26, 22,  916
 22, 23,  916
  6, 22,  918
 24, 22,  918
 25, 22,  918
 18, 24,  918
 40,  6,  919
  5, 21,  919
  5, 22,  919
 13, 24,  920
 17, 24,  920
 33, 18,  921
  9, 23,  922
 31, 20,  923
 23, 23,  923
 39,  4,  924
 34, 17,  924
 38, 14,  925
 23, 24,  925
 38,  1,  926
 34, 18,  926
 27, 22,  926
 36, 16,  927
 28, 21,  927
 28, 22,  927
  7, 23,  927
 33, 20,  928
 11, 24,  928
 14, 24,  928
 15, 25,  928
  4, 21,  929
  7, 24,  929
 40,  8,  930
 39, 10,  930
 14, 25,  930
 39, 11,  931
  1, 19,  931
  4, 22,  931
  4, 23,  931
  5, 23,  931
  6, 24,  931
 19, 24,  931
  1, 20,  932
 21, 23,  932
 36, 17,  933
 24, 24,  933
 39,  6,  934
 37, 14,  934
 10, 24,  934
 11, 25,  934
 12, 25,  934
 18, 25,  934
 37, 15,  935
  1, 21,  935
  2, 21,  935
 20, 24,  936
 17, 25,  936
 39,  1,  937
 38, 13,  937
 35, 18,  937
  3, 22,  937
 22, 24,  937
 13, 25,  937
 40,  9,  938
 30, 20,  938
  1, 22,  938
  9, 24,  938
 37, 16,  939
 33, 19,  939
  8, 24,  940
 25, 24,  940
 39,  2,  941
 40,  7,  941
 32, 20,  941
 31, 21,  941
  2, 22,  941
 21, 24,  941
 16, 25,  941
 11, 26,  941
 40,  4,  942
 34, 19,  942
  5, 24,  942
 29, 22,  943
 30, 22,  943
 26, 23,  943
  9, 25,  943
 19, 25,  943
 38, 15,  944
 32, 21,  944
 31, 22,  944
 20, 25,  944
 21, 25,  944
 40,  5,  945
 40, 11,  945
 25, 23,  945
 27, 23,  945
 40, 10,  946
 10, 25,  946
 24, 25,  946
 39, 14,  947
 32, 22,  947
  2, 23,  948
  3, 23,  948
 28, 23,  948
 29, 23,  948
  4, 24,  948
  7, 25,  948
 39, 12,  949
 39, 13,  949
 34, 20,  949
  1, 23,  949
 22, 25,  949
 40,  1,  950
  8, 25,  950
 35, 19,  951
 28, 24,  951
 29, 24,  951
 19, 26,  951
 20, 26,  951
 40,  3,  952
 37, 17,  952
 36, 18,  952
 14, 26,  952
 17, 26,  952
 39, 15,  953
  6, 25,  953
 40,  2,  954
 26, 24,  954
 12, 26,  954
 15, 26,  954
 16, 26,  954
 18, 26,  954
 40, 13,  955
 37, 18,  955
 36, 19,  955
 34, 21,  955
 31, 23,  955
 27, 24,  955
  8, 26,  955
 22, 26,  955
 25, 25,  956
 13, 27,  956
 12, 27,  957
  3, 24,  958
 10, 26,  958
 40, 12,  959
 26, 25,  959
 27, 25,  959
 13, 26,  959
 23, 26,  959
 24, 26,  959
 39, 16,  960
 33, 21,  960
 17, 27,  960
 18, 27,  960
 23, 25,  961
  7, 26,  961
 38, 17,  962
 30, 23,  962
 32, 23,  962
 16, 27,  962
 13, 28,  962
 40, 14,  963
 30, 24,  963
  6, 26,  963
 11, 27,  963
 14, 27,  963
 38, 16,  964
 35, 21,  964
  2, 24,  964
  2, 25,  964
  4, 25,  964
  5, 25,  964
 21, 26,  964
 15, 27,  964
 19, 27,  964
 20, 27,  964
  9, 26,  965
 40, 15,  966
  5, 26,  966
 35, 20,  967
 36, 20,  967
 29, 25,  967
 23, 27,  967
 39, 17,  968
 12, 28,  968
 38, 18,  969
 34, 22,  969
 31, 24,  969
 28, 25,  969
 26, 26,  969
  9, 27,  969
 21, 27,  969
 11, 28,  969
 16, 28,  969
 33, 22,  970
 27, 26,  970
 10, 27,  970
 19, 28,  970
 40, 16,  971
 32, 24,  971
  3, 25,  971
 25, 26,  971
 25, 27,  971
 17, 28,  971
 37, 20,  972
  1, 24,  973
  8, 27,  973
 22, 27,  973
 30, 25,  974
  3, 26,  974
 28, 26,  974
 29, 26,  974
 40, 17,  975
 37, 19,  975
  7, 27,  975
 26, 27,  975
 18, 28,  975
 36, 21,  976
 33, 24,  976
  6, 27,  976
  9, 28,  976
  4, 27,  977
 27, 27,  977
 15, 28,  977
 40, 18,  978
  5, 27,  978
 14, 28,  978
 11, 29,  978
 38, 19,  979
 37, 21,  979
  4, 26,  979
 18, 29,  979
 33, 23,  980
 24, 27,  980
 22, 28,  980
 39, 18,  981
 39, 19,  981
 38, 20,  981
 35, 22,  981
  1, 25,  981
  3, 27,  981
 23, 28,  981
 15, 29,  981
 34, 23,  982
 31, 25,  982
 28, 27,  982
 10, 28,  982
 40, 19,  983
 36, 22,  985
 20, 28,  985
  5, 28,  987
 12, 29,  987
 37, 22,  988
 35, 23,  988
  2, 26,  988
  8, 29,  988
 14, 29,  988
 32, 25,  989
  6, 28,  989
  8, 28,  989
 25, 28,  989
 40, 20,  990
  1, 26,  990
 21, 28,  990
 17, 29,  990
 13, 30,  990
 34, 24,  991
  2, 27,  991
 26, 28,  991
 13, 29,  991
 38, 21,  992
 24, 28,  992
 39, 20,  994
 29, 27,  994
 33, 26,  995
  7, 28,  995
 19, 29,  995
 20, 29,  995
 36, 24,  996
 30, 26,  996
  9, 29,  996
 15, 30,  996
 37, 23,  997
 35, 25,  997
 22, 29,  997
 32, 26,  998
 23, 29,  998
 36, 23,  999
  3, 28,  999
 21, 29, 1000
 30, 27, 1001
 14, 30, 1001
 34, 25, 1002
  1, 27, 1002
 28, 28, 1002
 16, 29, 1002
 24, 29, 1002
 22, 30, 1003
 38, 22, 1004
 39, 22, 1004
 33, 25, 1004
 31, 26, 1004
  4, 28, 1004
 19, 30, 1004
 37, 24, 1005
 12, 30, 1005
 18, 30, 1005
  7, 29, 1007
 10, 29, 1007
  5, 30, 1007
 20, 30, 1007
 35, 24, 1008
 16, 30, 1008
 32, 27, 1009
 29, 28, 1009
 15, 31, 1009
 16, 31, 1009
 25, 29, 1010
 27, 28, 1012
 39, 21, 1013
 11, 30, 1013
 21, 30, 1013
 23, 30, 1013
  5, 29, 1014
 27, 29, 1015
  9, 30, 1015
 34, 26, 1016
  6, 29, 1016
 26, 29, 1016
 10, 30, 1016
  8, 30, 1017
 40, 22, 1020
 35, 26, 1020
 33, 27, 1021
 28, 29, 1021
  2, 28, 1022
 17, 30, 1022
 39, 23, 1023
 29, 29, 1023
 11, 31, 1024
 40, 21, 1025
 38, 23, 1025
 31, 28, 1025
 30, 28, 1026
 14, 31, 1027
 17, 31, 1027
  3, 29, 1028
 20, 31, 1028
  7, 30, 1029
 37, 25, 1030
 24, 30, 1030
 38, 24, 1031
 31, 27, 1031
  1, 28, 1033
 40, 23, 1034
 33, 28, 1035
 25, 30, 1035
  8, 31, 1036
  2, 29, 1037
  4, 29, 1037
  3, 30, 1037
 35, 27, 1038
 27, 30, 1038
  6, 31, 1038
 10, 31, 1038
 19, 31, 1039
 36, 25, 1040
  6, 30, 1041
 23, 31, 1041
 34, 27, 1043
 32, 28, 1043
 30, 29, 1043
 18, 31, 1043
 21, 31, 1043
 11, 32, 1044
 36, 26, 1045
 26, 30, 1045
  9, 31, 1046
 12, 31, 1046
 25, 31, 1049
 16, 32, 1049
 17, 32, 1049
 22, 32, 1049
 22, 31, 1050
 12, 32, 1051
 19, 32, 1052
  7, 31, 1055
 40, 24, 1056
 15, 32, 1056
 13, 31, 1057
 28, 30, 1058
 21, 32, 1059
 14, 32, 1060
 38, 25, 1061
 34, 28, 1061
 24, 31, 1062
  9, 32, 1062
 24, 32, 1063
 18, 32, 1067
 27, 31, 1071
 36, 27, 1072
 26, 31, 1073
 37, 26, 1074
 20, 32, 1075
  8, 32, 1079
  4, 30, 1080
 39, 24, 1083
 12, 33, 1084
 30, 30, 1090
 33, 29, 1104
  5, 31, 1105
 23, 32, 1105
 13, 33, 1105
 13, 32, 1106
 10, 32, 1109
 29, 30, 1119
  1, 30, 1141
  4, 31, 1145
 20, 33, 1148
  3, 31, 1153
 25, 32, 1154
  7, 32, 1156
  9, 33, 1166
 18, 33, 1167
  1, 29, 1170
 38, 26, 1171
 15, 33, 1171
  2, 30, 1172
 17, 33, 1173
 37, 27, 1176
 31, 29, 1177
 19, 33, 1179
 39, 26, 1180
 27, 32, 1180
 40, 25, 1182
 22, 33, 1182
 35, 28, 1183
 32, 29, 1184
 28, 31, 1184
  6, 32, 1187
 11, 33, 1188
 15, 34, 1189
 26, 32, 1192
 14, 33, 1192
 23, 33, 1192
 24, 33, 1192
 17, 34, 1193
 28, 32, 1194
 29, 31, 1195
  8, 34, 1195
  7, 33, 1196
 16, 33, 1197
 38, 27, 1198
 34, 30, 1198
  4, 32, 1198
 13, 34, 1198
 31, 30, 1199
 30, 31, 1199
 16, 34, 1200
 18, 34, 1201
 34, 29, 1202
  8, 33, 1202
 26, 33, 1202
 35, 29, 1203
 33, 30, 1203
  5, 33, 1203
 21, 33, 1204
 31, 31, 1205
 19, 34, 1206
 10, 33, 1207
  5, 32, 1208
  9, 34, 1208
 11, 34, 1208
 14, 34, 1208
 12, 35, 1209
 39, 25, 1211
 25, 33, 1211
 36, 28, 1212
 37, 28, 1212
 36, 29, 1212
 20, 34, 1213
 39, 28, 1214
 10, 34, 1214
 24, 34, 1214
  4, 33, 1215
 23, 34, 1215
  7, 34, 1216
 38, 28, 1217
 35, 30, 1217
 30, 32, 1217
 21, 34, 1217
 15, 35, 1219
 32, 31, 1220
 22, 34, 1220
  2, 31, 1221
 27, 34, 1221
 39, 27, 1222
 32, 30, 1222
 27, 33, 1222
 21, 35, 1224
  6, 34, 1225
 19, 36, 1225
 12, 34, 1226
 26, 34, 1226
  3, 32, 1227
 16, 35, 1227
 19, 35, 1227
 18, 36, 1227
 14, 35, 1228
 17, 35, 1228
  1, 31, 1229
 29, 32, 1229
 11, 35, 1229
 33, 31, 1230
  6, 33, 1231
 37, 29, 1232
 35, 31, 1233
 31, 32, 1234
 20, 35, 1235
  9, 36, 1236
 40, 26, 1237
 34, 31, 1237
 29, 33, 1237
  9, 35, 1237
 25, 34, 1238
 22, 35, 1238
 28, 33, 1241
  8, 35, 1241
 16, 36, 1241
 30, 33, 1242
  6, 35, 1242
 13, 35, 1242
 28, 35, 1242
 36, 30, 1243
 32, 32, 1243
 24, 35, 1244
  5, 34, 1245
 37, 30, 1246
 33, 32, 1248
 28, 34, 1248
 18, 35, 1248
 15, 36, 1248
 14, 36, 1250
 27, 35, 1251
  2, 33, 1252
 31, 33, 1252
  3, 34, 1252
 29, 34, 1252
 30, 34, 1252
 17, 36, 1253
 23, 36, 1253
 25, 35, 1254
 10, 36, 1254
 13, 36, 1254
 22, 36, 1254
 10, 35, 1255
 12, 36, 1255
 19, 37, 1255
 33, 33, 1256
 38, 29, 1258
 39, 29, 1258
 34, 32, 1259
  4, 34, 1259
  1, 33, 1260
 26, 35, 1260
 32, 33, 1261
 12, 37, 1261
  3, 33, 1262
  7, 35, 1262
 24, 36, 1262
 25, 36, 1262
 18, 37, 1262
 40, 27, 1263
 23, 35, 1263
 21, 36, 1263
 36, 31, 1264
  1, 32, 1264
 21, 37, 1264
 37, 31, 1266
 16, 37, 1267
 14, 37, 1268
 38, 30, 1269
 17, 37, 1269
 22, 37, 1269
 32, 35, 1270
 34, 33, 1271
 11, 36, 1271
 35, 32, 1272
 31, 34, 1272
 30, 35, 1273
  8, 36, 1273
 32, 34, 1274
 27, 36, 1276
  5, 35, 1277
 20, 36, 1277
 11, 37, 1277
 17, 38, 1277
 36, 32, 1278
  2, 32, 1279
 40, 29, 1281
 20, 37, 1281
 38, 31, 1283
  2, 34, 1283
 26, 36, 1283
 35, 33, 1284
  3, 35, 1284
  6, 36, 1285
 36, 33, 1287
 40, 30, 1288
 15, 38, 1288
 39, 30, 1289
 33, 34, 1289
 40, 28, 1291
 37, 32, 1292
 31, 35, 1292
  7, 36, 1292
  4, 35, 1293
  5, 36, 1293
 23, 37, 1293
 20, 38, 1294
 10, 37, 1295
 29, 36, 1296
 25, 37, 1297
 18, 38, 1297
 15, 37, 1298
  8, 37, 1299
 28, 37, 1301
 14, 38, 1301
 23, 38, 1302
 29, 35, 1305
 26, 37, 1305
 16, 38, 1305
 22, 38, 1305
 28, 36, 1306
  8, 38, 1306
 33, 35, 1307
 13, 38, 1307
 16, 39, 1308
 11, 38, 1309
 13, 37, 1310
 30, 36, 1311
 35, 34, 1312
 32, 36, 1313
  9, 37, 1316
 21, 38, 1316
 24, 37, 1317
 19, 38, 1318
 12, 38, 1320
 34, 35, 1321
  7, 37, 1325
 31, 36, 1326
 27, 37, 1328
 11, 39, 1329
 34, 34, 1330
  1, 34, 1332
 30, 37, 1333
  5, 37, 1334
  2, 35, 1336
 13, 39, 1338
 14, 39, 1340
  7, 38, 1341
 18, 39, 1354
 39, 31, 1359
 37, 33, 1359
 22, 39, 1359
 36, 34, 1361
  9, 38, 1361
  4, 36, 1362
 10, 38, 1363
 24, 38, 1364
  6, 37, 1365
  3, 36, 1367
  6, 38, 1369
 33, 36, 1371
 38, 32, 1372
 15, 39, 1373
 40, 32, 1374
 29, 37, 1374
 33, 37, 1374
 25, 38, 1375
 40, 31, 1380
 23, 39, 1380
 37, 34, 1381
 29, 38, 1381
  9, 39, 1382
 17, 39, 1383
 19, 39, 1383
 21, 39, 1385
 20, 39, 1386
 24, 39, 1386
 12, 39, 1388
  1, 35, 1390
 35, 35, 1390
 32, 37, 1390
 13, 40, 1390
 27, 38, 1391
 28, 38, 1391
 18, 40, 1391
 39, 32, 1392
  2, 37, 1392
 12, 40, 1392
 39, 33, 1394
 36, 35, 1394
 38, 33, 1395
  2, 36, 1395
 10, 39, 1395
  3, 37, 1396
 26, 38, 1396
 16, 40, 1396
 25, 40, 1397
  8, 39, 1398
 10, 40, 1398
 35, 36, 1399
  5, 38, 1399
 11, 40, 1400
 15, 40, 1400
  4, 37, 1401
  4, 38, 1401
  6, 39, 1403
 34, 37, 1404
  7, 39, 1404
  3, 38, 1406
 17, 40, 1406
 14, 40, 1407
 38, 34, 1408
 30, 38, 1408
 33, 38, 1408
  9, 40, 1408
 20, 40, 1408
 31, 38, 1409
 19, 40, 1409
 21, 40, 1409
 24, 40, 1409
 34, 36, 1411
  4, 39, 1412
 25, 39, 1412
 23, 40, 1412
 36, 36, 1413
  1, 37, 1414
 32, 38, 1414
 27, 39, 1414
  7, 40, 1414
 22, 40, 1416
 31, 37, 1417
  5, 39, 1417
 29, 39, 1417
 37, 35, 1419
  1, 36, 1420
  2, 38, 1420
 26, 39, 1420
 39, 34, 1421
  2, 39, 1422
 31, 39, 1423
 35, 37, 1424
 28, 39, 1424
 38, 35, 1425
 40, 33, 1426
  1, 38, 1426
 30, 39, 1426
 38, 36, 1427
  3, 39, 1427
 27, 40, 1429
  3, 40, 1430
 28, 40, 1430
 26, 40, 1431
 29, 40, 1431
  4, 40, 1432
 39, 35, 1433
 34, 38, 1433
  6, 40, 1433
 40, 34, 1434
 36, 37, 1434
  2, 40, 1434
  8, 40, 1434
 30, 40, 1439
  5, 40, 1442
 34, 39, 1443
  1, 39, 1444
 33, 39, 1444
 32, 40, 1444
 37, 36, 1445
 38, 37, 1446
 36, 38, 1446
 40, 35, 1447
 37, 37, 1447
 35, 38, 1449
 35, 39, 1452
 33, 40, 1453
 32, 39, 1455
  1, 40, 1456
 40, 36, 1457
 39, 37, 1457
 31, 40, 1457
 34, 40, 1463
 39, 36, 1464
 40, 37, 1466
 37, 38, 1467
 38, 39, 1468
 39, 38, 1470
 36, 39, 1473
 35, 40, 1474
 37, 39, 1478
 36, 40, 1480
 38, 38, 1481
 37, 40, 1482
 40, 38, 1491
 39, 39, 1493
 40, 39, 1497
 38, 40, 1509
 40, 40, 1516
 39, 40, 1518
