13, 3,27, 1,4
 21, 11,  451
 19, 11,  453
 18, 13,  453
 11, 14,  453
 14, 11,  454
 15, 12,  454
 17, 12,  454
 13, 13,  454
 16, 13,  454
 19, 13,  454
 21, 13,  454
 11, 15,  454
 19, 15,  454
 17, 13,  455
 14, 14,  455
 23, 14,  455
 14,  9,  456
 12, 14,  456
 18, 14,  456
 17,  9,  457
 12, 10,  457
 11, 11,  457
 15, 11,  457
 12, 12,  457
 16, 12,  457
 18, 12,  457
 19, 12,  457
 22, 12,  457
 12, 13,  457
 14, 13,  457
 22, 13,  457
 25, 13,  457
 10, 14,  457
 13, 14,  457
 17, 14,  457
 10, 15,  457
 13, 15,  457
 17, 15,  457
 19, 16,  457
 19,  9,  458
 13, 10,  458
 16, 10,  458
 21, 10,  458
 16, 11,  458
 25, 11,  458
  8, 12,  458
 13, 12,  458
 20, 12,  458
 26, 12,  458
 22, 14,  458
 18, 15,  458
 16, 16,  458
 13, 18,  458
 18,  9,  459
  8, 10,  459
 13, 11,  459
 17, 11,  459
 22, 11,  459
 14, 12,  459
 21, 12,  459
  7, 13,  459
  9, 13,  459
 15, 13,  459
 28, 13,  459
  9, 14,  459
 15, 14,  459
 16, 14,  459
 14, 15,  459
 12, 16,  459
 14, 16,  459
 20, 16,  459
 15, 17,  459
 20,  8,  460
 20,  9,  460
 18, 10,  460
 20, 10,  460
 10, 11,  460
 18, 11,  460
 20, 11,  460
 10, 13,  460
 20, 13,  460
 23, 13,  460
 24, 13,  460
 20, 14,  460
  6, 15,  460
  7, 15,  460
  9, 15,  460
 13, 16,  460
 18, 16,  460
 21, 16,  460
 14, 17,  460
 17, 17,  460
 18, 17,  460
 17, 18,  460
 16,  8,  461
 13,  9,  461
 21,  9,  461
 22,  9,  461
 15, 10,  461
 19, 10,  461
 22, 10,  461
 11, 12,  461
 25, 12,  461
 11, 13,  461
 20, 15,  461
 22, 15,  461
 26, 15,  461
 10, 16,  461
 11, 16,  461
 20, 17,  461
 22, 17,  461
 16, 18,  461
 12,  8,  462
 17,  8,  462
  7,  9,  462
 10,  9,  462
  6, 10,  462
  7, 11,  462
 12, 11,  462
 23, 12,  462
  8, 13,  462
 12, 15,  462
 15, 15,  462
 16, 15,  462
 21, 15,  462
 23, 15,  462
  9, 16,  462
 17, 16,  462
 13, 17,  462
 16, 17,  462
 19, 17,  462
 11,  7,  463
 15,  7,  463
 18,  7,  463
  9,  8,  463
 14,  8,  463
 18,  8,  463
 19,  8,  463
 23,  8,  463
 12,  9,  463
  7, 10,  463
 14, 10,  463
 17, 10,  463
 24, 10,  463
 24, 11,  463
  6, 14,  463
  7, 14,  463
 24, 14,  463
 25, 14,  463
  8, 15,  463
 24, 15,  463
 25, 15,  463
 24, 17,  463
 11, 18,  463
 13,  8,  464
 15,  9,  464
 16,  9,  464
 23, 11,  464
  7, 12,  464
  9, 12,  464
 10, 12,  464
 24, 12,  464
 19, 14,  464
 21, 14,  464
 26, 14,  464
  8, 16,  464
 15, 16,  464
 22, 16,  464
 14, 18,  464
 15, 18,  464
 18, 18,  464
 22, 18,  464
 18, 19,  464
 12,  7,  465
  8,  9,  465
  9,  9,  465
 11,  9,  465
 23,  9,  465
  9, 10,  465
 10, 10,  465
 11, 10,  465
  6, 11,  465
 28, 12,  465
  6, 13,  465
 26, 13,  465
  5, 14,  465
  8, 14,  465
  4, 16,  465
  6, 16,  465
 10, 17,  465
 11, 17,  465
  9, 19,  465
 11, 19,  465
 16, 19,  465
 17, 19,  465
  8, 20,  465
 17,  6,  466
 19,  6,  466
  6,  8,  466
 11,  8,  466
 15,  8,  466
 22,  8,  466
 25, 10,  466
  9, 11,  466
  6, 12,  466
 27, 13,  466
 29, 13,  466
 27, 15,  466
  5, 16,  466
 24, 16,  466
 26, 16,  466
  8, 17,  466
 12, 17,  466
 23, 17,  466
  6, 18,  466
 19, 18,  466
 20, 18,  466
 21, 18,  466
 15, 19,  466
 21, 19,  466
 22, 19,  466
 21,  6,  467
 20,  7,  467
 21,  7,  467
 22,  7,  467
  8,  8,  467
 25,  9,  467
 23, 10,  467
  5, 11,  467
  8, 11,  467
 26, 11,  467
  4, 12,  467
 27, 12,  467
 21, 17,  467
 25, 17,  467
 10, 18,  467
 12, 18,  467
 12, 19,  467
 14,  5,  468
 10,  6,  468
 16,  6,  468
 13,  7,  468
  7,  8,  468
 10,  8,  468
 26,  9,  468
  5, 10,  468
 27, 10,  468
 27, 11,  468
 28, 14,  468
  7, 16,  468
 27, 17,  468
 23, 18,  468
 19, 19,  468
 20, 19,  468
 12,  6,  469
 10,  7,  469
 16,  7,  469
 17,  7,  469
 27,  8,  469
 27,  9,  469
 28, 10,  469
 27, 14,  469
  5, 15,  469
 23, 16,  469
 10, 19,  469
 13, 19,  469
 16, 20,  469
  8,  7,  470
  9,  7,  470
 21,  8,  470
 28,  9,  470
  4, 14,  470
 25, 16,  470
 30, 16,  470
  6, 17,  470
 28, 17,  470
 14, 19,  470
  9, 20,  470
 10,  5,  471
 19,  5,  471
  9,  6,  471
 15,  6,  471
 14,  7,  471
 19,  7,  471
 26,  8,  471
 24,  9,  471
  4, 10,  471
  4, 13,  471
 30, 13,  471
 27, 16,  471
 28, 16,  471
  9, 17,  471
  7, 18,  471
 26, 18,  471
 23, 19,  471
 12, 20,  471
 13, 20,  471
 14, 21,  471
 20,  5,  472
  6,  9,  472
 26, 10,  472
  5, 13,  472
 29, 15,  472
  5, 17,  472
  7, 17,  472
 26, 17,  472
 24, 18,  472
 25, 18,  472
  8, 19,  472
 11, 20,  472
 15, 20,  472
 23, 20,  472
 23,  5,  473
  5,  6,  473
 14,  6,  473
 20,  6,  473
 23,  7,  473
 24,  7,  473
 24,  8,  473
  4, 11,  473
 28, 11,  473
 29, 11,  473
  3, 12,  473
  5, 12,  473
 29, 12,  473
 29, 14,  473
 31, 14,  473
  8, 18,  473
  9, 18,  473
 27, 18,  473
 24, 19,  473
 22, 20,  473
 21,  5,  474
 13,  6,  474
 18,  6,  474
 22,  6,  474
  5,  8,  474
 25,  8,  474
  5,  9,  474
 29,  9,  474
 31, 15,  474
  5, 18,  474
 17, 20,  474
 18, 20,  474
 10, 21,  474
 11, 21,  474
 19,  4,  475
 16,  5,  475
 17,  5,  475
 11,  6,  475
 24,  6,  475
  5,  7,  475
  7,  7,  475
 26,  7,  475
  3,  8,  475
  3, 10,  475
  3, 11,  475
  3, 14,  475
  4, 15,  475
 28, 15,  475
  7, 19,  475
 19, 20,  475
 20, 20,  475
 12,  4,  476
 12,  5,  476
 18,  5,  476
 25,  6,  476
  6,  7,  476
  4,  9,  476
  2, 12,  476
 32, 13,  476
  3, 15,  476
 30, 15,  476
 29, 17,  476
 26, 19,  476
 10, 20,  476
 14, 20,  476
 21, 20,  476
 12, 21,  476
 12, 22,  476
 15,  5,  477
 22,  5,  477
 23,  6,  477
 30,  9,  477
 31,  9,  477
 31, 13,  477
 30, 14,  477
 25, 19,  477
 27, 19,  477
 29, 19,  477
 13, 21,  477
 18, 21,  477
  9,  4,  478
 14,  4,  478
  9,  5,  478
 25,  7,  478
 27,  7,  478
 28,  7,  478
  4,  8,  478
  2,  9,  478
 29, 10,  478
 30, 10,  478
  2, 11,  478
  3, 13,  478
  2, 15,  478
  2, 16,  478
 31, 16,  478
  3, 17,  478
  4, 17,  478
  9, 21,  478
 19, 21,  478
 11,  4,  479
 15,  4,  479
 11,  5,  479
 13,  5,  479
  4,  7,  479
 29, 16,  479
 28, 18,  479
 17, 21,  479
  6,  5,  480
  6,  6,  480
  7,  6,  480
 27,  6,  480
 28,  6,  480
 29,  8,  480
 30, 11,  480
 31, 11,  480
 30, 12,  480
 31, 12,  480
  1, 14,  480
  3, 16,  480
 30, 17,  480
  4, 18,  480
  5, 19,  480
  6, 19,  480
 24, 21,  480
 16, 22,  480
  8,  6,  481
 28,  8,  481
 33, 12,  481
  1, 13,  481
  2, 13,  481
  7, 20,  481
 24, 20,  481
 16, 21,  481
 11, 22,  481
 18,  4,  482
 26,  4,  482
  2,  8,  482
 32,  9,  482
 32, 11,  482
  2, 14,  482
 32, 16,  482
 25, 20,  482
 15, 21,  482
 20,  4,  483
  1, 10,  483
 31, 10,  483
 32, 14,  483
 30, 18,  483
 31, 18,  483
  4, 19,  483
 21, 21,  483
 22, 21,  483
 16, 23,  483
 21,  4,  484
 24,  5,  484
 26,  5,  484
 27,  5,  484
 26,  6,  484
  3,  7,  484
 30,  7,  484
  1, 16,  484
 32, 17,  484
  3, 18,  484
 27, 20,  484
 17, 22,  484
 20, 22,  484
 15,  3,  485
  5,  5,  485
  3,  6,  485
  3,  9,  485
  2, 10,  485
 29, 18,  485
  7, 21,  485
 23, 21,  485
 19, 22,  485
 19,  3,  486
 23,  4,  486
  4,  5,  486
  7,  5,  486
 25,  5,  486
 31,  8,  486
  1,  9,  486
 32, 15,  486
 33, 16,  486
  2, 17,  486
 33, 17,  486
  3, 19,  486
 28, 19,  486
 30, 19,  486
  3, 20,  486
  5, 20,  486
 10, 22,  486
 18, 22,  486
 21, 22,  486
 11, 23,  486
 11,  3,  487
 17,  3,  487
 22,  4,  487
 24,  4,  487
 30,  8,  487
 32, 10,  487
  1, 11,  487
  1, 12,  487
  1, 15,  487
 33, 15,  487
 32, 18,  487
 31, 19,  487
 28, 20,  487
  6, 21,  487
  8, 21,  487
 20, 21,  487
 14, 22,  487
 26, 22,  487
 13,  3,  488
 16,  4,  488
 17,  4,  488
 32, 12,  488
  6, 20,  488
 26, 20,  488
 23, 22,  488
 33, 14,  489
 31, 17,  489
 26, 21,  489
 27, 21,  489
 14, 23,  489
 17, 23,  489
 14, 24,  489
 14,  3,  490
 21,  3,  490
 29,  3,  490
 10,  4,  490
  1,  7,  490
 29,  7,  490
 33,  9,  490
 33, 13,  490
 30, 20,  490
 25, 21,  490
  7, 22,  490
 18, 23,  490
 21, 23,  490
  5,  4,  491
 13,  4,  491
 25,  4,  491
 31,  7,  491
 15, 22,  491
 15, 23,  491
 10, 24,  491
 19,  2,  492
 18,  3,  492
  8,  4,  492
  8,  5,  492
  4,  6,  492
 33, 11,  492
 34, 15,  492
  2, 19,  492
  4, 20,  492
 30, 21,  492
  6, 22,  492
 13, 22,  492
 17,  2,  493
 23,  2,  493
  9,  3,  493
 20,  3,  493
 32,  7,  493
  1,  8,  493
  1, 17,  493
  2, 18,  493
  9, 22,  493
 12, 23,  493
 19, 23,  493
 18,  2,  494
 22,  3,  494
  7,  4,  494
 27,  4,  494
 28,  5,  494
 29,  6,  494
  2,  7,  494
 29, 21,  494
 13, 23,  494
  7,  3,  495
 10,  3,  495
 12,  3,  495
 16,  3,  495
  6,  4,  495
 33, 10,  495
  4, 21,  495
 19, 24,  495
  9,  2,  496
 24,  3,  496
  4,  4,  496
  2,  5,  496
 34,  9,  496
 34, 14,  496
 32, 19,  496
 32, 20,  496
  4, 22,  496
  5, 22,  496
 24, 22,  496
 27, 22,  496
 22, 23,  496
 16, 24,  496
 29,  5,  497
 34, 10,  497
 34, 13,  497
  1, 18,  497
 28, 21,  497
 22, 22,  497
  7, 23,  497
 20, 23,  497
 23, 23,  497
 21,  2,  498
 23,  3,  498
  2,  6,  498
 31,  6,  498
  1, 19,  498
 29, 20,  498
  5, 21,  498
  8, 22,  498
 10, 23,  498
 21,  1,  499
 15,  2,  499
 26,  3,  499
 30,  6,  499
 33,  8,  499
 34, 11,  499
 35, 12,  499
  3, 21,  499
 25, 22,  499
  5, 23,  499
 22,  2,  500
 24,  2,  500
 28,  4,  500
 32,  8,  500
 33, 18,  500
 31, 20,  500
 33, 20,  500
 29, 22,  500
  8,  3,  501
  1,  6,  501
 34, 12,  501
 35, 14,  501
 34, 17,  501
  2, 20,  501
 13, 24,  501
 17, 24,  501
 18, 25,  501
 13,  2,  502
  3,  4,  502
 35, 13,  502
 24, 23,  502
 19,  1,  503
 32,  6,  503
  1, 20,  503
  9, 23,  503
 16,  2,  504
 20,  2,  504
 35, 15,  504
 33, 19,  504
 30, 22,  504
 22, 24,  504
 12,  2,  505
 26,  2,  505
 25,  3,  505
  3,  5,  505
 35, 11,  505
  5, 24,  505
 23, 24,  505
 26, 24,  505
 34,  8,  506
 34, 16,  506
 34, 18,  506
 31, 21,  506
  6, 24,  506
 11, 25,  506
 13,  1,  507
 10,  2,  507
 29,  4,  507
 33,  7,  507
 28, 22,  507
 25, 23,  507
 12, 24,  507
 15, 24,  507
 23,  1,  508
  1,  5,  508
  4, 23,  508
 29, 23,  508
 14,  1,  509
 16,  1,  509
 24,  1,  509
 25,  2,  509
 32, 21,  509
 26, 23,  509
 11, 24,  509
 20, 24,  509
 21, 24,  509
 17,  1,  510
  6,  3,  510
 30,  4,  510
 31,  5,  510
 36, 14,  510
  7, 24,  510
 20, 25,  510
 11,  1,  511
 14,  2,  511
 28,  2,  511
 30,  5,  511
 36, 16,  511
 28, 23,  511
 30, 23,  511
 35, 10,  512
 34, 19,  512
 11,  2,  513
  5,  3,  513
  8, 23,  513
 18, 24,  513
 27, 24,  513
 12, 25,  513
  9,  1,  514
  6,  2,  514
  8,  2,  514
  4,  3,  514
 31,  4,  514
 36, 13,  514
 35, 16,  514
  2, 21,  514
 32, 22,  514
 28, 24,  514
 15, 25,  514
 18,  1,  515
 22,  1,  515
 27,  3,  515
 28,  3,  515
 32,  4,  515
  3, 22,  515
 25, 24,  515
 13, 25,  515
  7,  2,  516
 33,  6,  516
 34,  7,  516
 35,  7,  516
 35,  8,  516
 35,  9,  516
 37, 13,  516
 36, 15,  516
 27, 23,  516
 18, 26,  516
 15,  1,  517
 20,  1,  517
 25,  1,  517
 37, 11,  517
 35, 19,  517
  6, 23,  517
  9, 25,  517
 25, 25,  517
  1,  4,  518
 35, 17,  518
 34, 20,  518
  1, 21,  518
 24, 24,  518
  8, 25,  518
 14, 25,  518
 12,  1,  519
  4,  2,  519
 17, 25,  519
 10,  1,  520
 31, 22,  520
  9, 24,  520
 16, 25,  520
 34,  6,  521
 36, 12,  521
  1, 22,  521
 29, 24,  521
 19, 25,  521
 27,  2,  522
  2, 22,  522
 19, 27,  522
 33,  4,  523
 32,  5,  523
 37, 12,  523
 16, 26,  523
  2,  4,  524
 36, 10,  524
 34, 21,  524
  8, 24,  524
 10, 25,  524
 24, 25,  524
 21, 26,  524
 37, 10,  525
 36, 11,  525
 35, 18,  525
 33, 21,  525
 10, 26,  525
 30,  2,  526
 30,  3,  526
 38, 14,  526
  4, 24,  526
 23, 25,  526
 38, 12,  527
  7, 26,  527
  3, 23,  528
 21, 25,  528
 33,  5,  529
 12, 26,  529
 23, 26,  529
  3,  2,  530
  5,  2,  530
  3,  3,  530
 36,  9,  530
 37, 15,  530
 36, 17,  530
 36, 19,  530
 24, 26,  530
  5,  1,  531
  7,  1,  531
  3, 24,  531
  7, 25,  531
 26, 25,  531
 13, 26,  531
 37, 14,  532
  6, 25,  532
  9, 26,  532
 34,  5,  533
 35,  6,  533
 36,  8,  534
 37, 16,  534
 37, 17,  534
 36, 18,  534
 35, 20,  534
  5, 25,  534
 22, 25,  534
 28,  1,  535
 33, 22,  535
 17, 26,  535
  8, 26,  536
 11, 26,  536
  6,  1,  538
  2, 23,  538
 25, 26,  538
  2,  3,  539
 14, 26,  539
 31,  3,  540
 26,  1,  541
  1,  3,  541
 38, 15,  541
  8,  1,  542
 32,  3,  542
 37,  9,  542
 36, 20,  543
  1, 24,  546
 29,  1,  547
 35, 22,  547
 27,  1,  548
 36,  6,  548
 38, 18,  548
 38, 16,  549
  2, 24,  549
 15, 26,  549
 38, 17,  551
 14, 27,  551
 29,  2,  552
 32, 24,  553
  3,  1,  554
 22, 26,  554
 37,  8,  555
 29, 25,  555
 33,  3,  556
 38, 10,  556
 34, 22,  556
 30, 24,  556
 27, 25,  556
  4,  1,  557
 31, 23,  558
 16, 27,  559
 22, 27,  559
 39, 13,  560
 36,  7,  561
  1, 23,  561
 37, 18,  562
 31, 24,  563
 20, 26,  563
 32, 23,  565
 33, 23,  567
 38,  9,  568
 35,  5,  570
 38, 13,  571
 38,  8,  574
  3, 25,  575
 37, 19,  576
 33, 24,  578
 39, 12,  580
 39, 14,  582
 28, 25,  582
  6, 26,  584
 39, 10,  588
 35, 21,  674
 19, 26,  685
 26, 26,  685
 18, 27,  685
 13, 27,  690
 34,  4,  695
 27, 26,  695
 12, 27,  696
 37,  7,  697
 36, 21,  699
  4, 25,  699
 11, 27,  699
 15, 27,  699
 34, 23,  701
 21, 27,  701
 10, 27,  702
 31,  1,  705
  1,  2,  705
 32, 25,  705
 38, 11,  706
 39, 15,  706
  9, 27,  707
 32,  2,  708
 13, 28,  708
 17, 28,  708
 28, 26,  709
 17, 27,  710
 23, 27,  710
 35,  4,  711
 37, 20,  711
 38, 20,  712
 30, 25,  712
 31, 25,  712
  5, 26,  713
  8, 27,  713
 23, 28,  713
 14, 28,  714
 11, 28,  715
 18, 28,  715
 20, 27,  716
 24, 27,  716
 20, 28,  716
 36,  5,  717
  3, 26,  717
 12, 28,  717
 19, 28,  717
 33,  2,  718
 39, 11,  718
 39, 16,  718
 13, 29,  718
 29, 26,  719
 30, 26,  719
 25, 27,  719
 11, 29,  719
 30,  1,  721
 31,  2,  721
 39, 17,  721
  6, 27,  721
 28, 27,  721
 26, 27,  722
 10, 28,  722
 15, 28,  722
 34,  2,  723
 34, 24,  723
  7, 28,  723
 16, 28,  723
  2,  2,  724
  4, 26,  724
  8, 28,  724
 18, 29,  724
 39, 19,  725
 36, 22,  726
  9, 28,  726
 21, 28,  726
 34,  3,  727
 40,  9,  727
 35, 24,  727
 31, 26,  727
  7, 27,  727
 38, 19,  728
 27, 27,  728
 29, 27,  728
 40, 13,  729
  1, 25,  729
 25, 28,  729
 35,  3,  730
 37,  5,  730
  5, 27,  730
 26, 28,  730
 16, 29,  730
 17, 29,  730
 38,  6,  731
 39,  9,  731
  2, 25,  731
 14, 29,  731
 40, 14,  732
 37, 21,  732
 32, 26,  732
 24, 28,  732
 40, 16,  733
 22, 28,  733
 35,  2,  734
 37,  6,  734
 20, 30,  734
 33, 25,  735
 27, 28,  735
  9, 29,  736
 10, 29,  736
 19, 29,  736
 22, 29,  736
 33,  1,  737
 39, 18,  737
 35, 23,  737
 15, 29,  737
 36, 23,  738
 36,  4,  739
 38,  7,  739
 40, 15,  739
 34, 25,  739
 30, 27,  739
  3, 28,  739
 20, 29,  739
  1,  1,  740
 33, 26,  740
  4, 27,  740
 39,  7,  741
 40, 12,  741
 13, 30,  741
 16, 30,  741
 21, 31,  741
 38,  5,  742
 39,  8,  742
 12, 29,  743
 15, 30,  743
 37, 22,  744
 36, 25,  744
  2, 26,  744
 31, 27,  744
  8, 29,  744
 14, 30,  744
 18, 30,  745
 38, 23,  746
  6, 28,  746
 37, 23,  747
 28, 28,  747
 29, 28,  747
 26, 29,  747
 28, 29,  747
 35, 25,  748
 35, 26,  748
 23, 29,  748
 25, 29,  748
 39,  6,  749
 40, 11,  749
 30, 28,  749
 21, 29,  750
 11, 30,  750
 17, 30,  750
 21, 30,  750
 24, 30,  750
 20, 31,  750
 37,  4,  751
 32, 27,  751
 14, 31,  751
 40, 17,  752
 39, 20,  752
 36, 24,  752
 33, 27,  752
  1, 26,  753
  4, 28,  753
  7, 29,  753
 24, 29,  753
  6, 29,  754
 19, 30,  754
 32,  1,  755
 36,  3,  755
 40, 10,  755
 40, 19,  755
  5, 28,  755
 12, 30,  755
 23, 30,  755
 17, 31,  756
  3, 27,  757
 33, 28,  757
 10, 30,  757
 37, 25,  758
 29, 29,  758
 34,  1,  759
 40,  7,  759
 39, 21,  759
 38, 22,  759
  5, 29,  759
 22, 30,  759
 40,  8,  760
 40, 18,  760
  2,  1,  761
 34, 26,  761
  8, 30,  761
  9, 30,  761
 39,  5,  762
 35, 28,  762
 18, 31,  762
 24, 31,  762
 36,  2,  763
 37,  3,  763
 30, 29,  763
 15, 31,  763
 23, 31,  763
 32, 28,  764
 38, 25,  765
 27, 29,  765
  9, 31,  765
 16, 31,  765
 19, 31,  765
 38,  3,  766
 38, 21,  766
 34, 27,  766
 13, 31,  766
 31, 28,  767
  6, 30,  767
  8, 31,  767
  5, 30,  768
 25, 30,  768
 26, 30,  768
 25, 31,  768
  2, 27,  769
 33, 29,  769
 22, 31,  769
 39, 22,  770
  4, 29,  770
 34, 28,  771
 10, 31,  771
 40, 21,  772
  7, 30,  772
 12, 31,  772
  1, 28,  773
 11, 31,  773
 11, 32,  773
 39, 23,  774
 27, 30,  774
 28, 30,  774
 40, 22,  775
 36, 26,  775
 13, 32,  776
 37, 24,  777
 35, 27,  777
 26, 31,  777
 15, 32,  777
 40,  5,  778
 32, 29,  778
 21, 32,  778
 40, 20,  779
 31, 30,  779
  4, 30,  780
  7, 31,  780
 19, 32,  780
 22, 32,  782
 30, 30,  784
 38,  4,  785
  2, 28,  785
 12, 32,  785
 40,  6,  786
 35,  1,  787
 38,  2,  787
  1, 27,  787
 31, 29,  787
  7, 32,  787
 14, 32,  787
 38, 24,  788
 37, 27,  788
 39, 24,  789
 18, 32,  789
 39,  3,  790
  3, 29,  790
 29, 30,  790
 29, 31,  790
  6, 31,  791
 16, 32,  791
 28, 32,  792
 36,  1,  793
 37, 26,  793
 28, 31,  793
  9, 32,  795
 24, 32,  795
 10, 32,  797
 18, 33,  797
  5, 31,  798
 17, 32,  798
 37,  2,  799
 39,  4,  799
 25, 32,  800
 38, 27,  801
 36, 27,  802
 27, 31,  802
 40,  4,  803
  2, 29,  805
  5, 32,  805
 15, 33,  805
 36, 28,  807
 15, 34,  808
 39, 25,  809
 32, 30,  810
 23, 32,  810
 37,  1,  812
 38, 26,  814
 26, 32,  815
 35, 29,  816
 14, 33,  816
 30, 31,  817
  8, 32,  817
 20, 33,  817
  9, 33,  818
 34, 29,  823
 40, 23,  824
  6, 32,  825
  1, 29,  830
 40, 25,  832
 21, 33,  835
 16, 33,  851
 16, 34,  876
  3, 30,  886
  4, 31,  889
  2, 30,  890
 10, 33,  890
 27, 32,  894
  3, 31,  895
 31, 31,  898
 13, 33,  898
 19, 33,  900
 11, 33,  903
 12, 33,  903
 22, 34,  904
 20, 32,  905
 17, 33,  906
 38,  1,  907
 40,  3,  907
 19, 34,  907
 40, 24,  910
 23, 33,  910
 20, 34,  910
 37, 28,  914
 25, 34,  914
 39,  1,  915
 40,  2,  915
 36, 29,  915
 32, 31,  915
 30, 32,  915
 12, 34,  915
  1, 30,  917
 22, 33,  917
 34, 30,  918
  8, 33,  918
 25, 33,  918
 24, 33,  919
 26, 33,  919
 40,  1,  920
 29, 32,  920
  7, 33,  920
 13, 34,  920
 39,  2,  921
 34, 31,  921
 14, 34,  921
 18, 34,  921
 23, 34,  921
 39, 26,  922
 33, 30,  922
  9, 34,  922
 10, 34,  922
 24, 34,  922
  4, 32,  923
 21, 34,  924
 14, 35,  924
  5, 33,  925
 27, 33,  926
 17, 34,  926
  6, 33,  927
  2, 31,  928
  8, 34,  928
 13, 35,  928
 28, 33,  929
 30, 33,  929
  7, 34,  929
 27, 34,  929
 15, 35,  929
 38, 28,  930
 33, 31,  930
 26, 34,  930
 17, 35,  930
 31, 32,  931
 39, 27,  933
  3, 32,  933
 35, 30,  934
  2, 33,  934
 11, 34,  934
 36, 30,  935
 35, 31,  935
 33, 32,  935
  3, 33,  935
 12, 35,  935
 22, 35,  935
 37, 29,  936
 32, 32,  936
 19, 35,  936
 20, 35,  936
 10, 35,  937
 21, 35,  937
 40, 27,  938
 29, 33,  938
 29, 34,  938
 35, 32,  939
 18, 35,  939
  4, 33,  940
 31, 34,  940
 11, 35,  940
 13, 36,  940
 36, 31,  941
 34, 32,  941
  7, 35,  941
 38, 29,  942
 16, 35,  942
 24, 35,  942
 25, 35,  942
 26, 35,  942
 21, 36,  942
  1, 31,  943
  2, 32,  943
  6, 34,  943
 28, 34,  943
 19, 36,  944
 15, 37,  944
 37, 30,  945
 28, 35,  945
 40, 26,  946
 36, 32,  946
 30, 34,  946
 20, 36,  946
 31, 33,  947
 27, 35,  947
 14, 36,  947
 22, 36,  947
 39, 29,  948
 38, 30,  948
  5, 34,  948
  6, 35,  948
  3, 34,  949
  8, 35,  950
  9, 35,  950
 23, 35,  950
 12, 36,  950
 15, 36,  950
 18, 36,  950
 20, 37,  950
  1, 32,  951
  5, 35,  951
 26, 36,  951
 39, 28,  952
 37, 31,  952
 32, 33,  952
 33, 34,  952
  9, 36,  952
 17, 36,  952
 40, 28,  953
 34, 33,  953
 33, 33,  954
 36, 33,  954
  2, 34,  954
 29, 35,  954
 30, 35,  954
  7, 36,  954
  8, 36,  954
 11, 36,  954
 14, 37,  954
 39, 30,  955
 32, 34,  955
  4, 35,  955
 31, 35,  955
 16, 36,  955
 13, 37,  955
 18, 37,  955
 40, 29,  957
  4, 34,  957
 23, 36,  957
 27, 36,  957
 22, 37,  957
 25, 36,  958
  8, 37,  958
 16, 37,  958
  9, 37,  959
 17, 37,  959
 19, 37,  959
 38, 31,  961
 37, 32,  961
  6, 36,  961
  7, 37,  961
 12, 37,  961
  1, 33,  962
  3, 35,  962
 32, 35,  962
 30, 36,  962
 10, 37,  962
 11, 37,  962
 24, 37,  962
 17, 38,  962
 19, 38,  963
 10, 36,  964
 29, 36,  964
 31, 36,  965
 23, 37,  965
 11, 38,  965
 24, 38,  965
 35, 33,  966
  4, 36,  966
 28, 36,  966
 25, 37,  966
  1, 34,  967
 21, 37,  967
 14, 38,  967
 18, 38,  967
 25, 38,  967
 38, 32,  968
 37, 33,  968
 24, 36,  969
 28, 37,  969
  8, 38,  969
 21, 38,  969
 39, 31,  970
 34, 34,  971
 36, 34,  971
 27, 37,  971
 13, 38,  971
 32, 36,  972
 12, 38,  972
 40, 30,  974
  2, 35,  974
  3, 36,  974
  5, 36,  974
 26, 37,  974
 16, 38,  974
 38, 33,  975
 15, 38,  975
 20, 38,  975
  5, 37,  976
  6, 37,  976
  9, 38,  976
 29, 37,  977
 22, 38,  977
 23, 38,  977
 33, 35,  978
 29, 38,  978
 19, 39,  978
  1, 36,  979
  4, 38,  980
 10, 38,  980
 34, 35,  981
 35, 35,  981
  6, 38,  981
 14, 39,  981
 39, 32,  982
  8, 39,  983
 17, 39,  983
 23, 39,  983
 20, 39,  984
 39, 33,  985
 35, 34,  985
 30, 37,  985
 21, 39,  985
  4, 37,  986
 16, 39,  986
  2, 36,  987
 12, 39,  987
 12, 40,  987
 18, 40,  987
 40, 31,  988
  7, 39,  988
  9, 39,  988
 37, 34,  989
  7, 38,  989
 27, 38,  989
 16, 40,  989
 40, 32,  990
 33, 36,  990
 15, 39,  990
 18, 39,  990
 38, 34,  991
  1, 35,  991
 34, 36,  991
 26, 38,  991
 24, 39,  991
  3, 37,  992
 22, 39,  992
 15, 40,  992
 11, 39,  993
 27, 39,  993
 25, 39,  994
  3, 38,  995
 40, 33,  996
  5, 38,  996
  8, 40,  996
 36, 35,  997
 31, 37,  997
 33, 37,  997
 22, 40,  998
 28, 38, 1000
  7, 40, 1000
 13, 40, 1000
  6, 39, 1001
 10, 39, 1001
 13, 39, 1001
 39, 34, 1002
  2, 37, 1002
 30, 38, 1002
 28, 39, 1002
 32, 37, 1003
 30, 39, 1003
 11, 40, 1003
 17, 40, 1003
 37, 35, 1004
 36, 36, 1004
  1, 37, 1004
 34, 37, 1004
  4, 39, 1004
 20, 40, 1004
  9, 40, 1005
 10, 40, 1005
 19, 40, 1005
 14, 40, 1006
 32, 38, 1007
 21, 40, 1007
 26, 39, 1009
 23, 40, 1009
 27, 40, 1010
 24, 40, 1011
 38, 35, 1012
 35, 36, 1012
  1, 38, 1014
 29, 39, 1014
 25, 40, 1014
 35, 37, 1015
 31, 39, 1015
  5, 40, 1015
  2, 38, 1017
  6, 40, 1017
 26, 40, 1017
 31, 38, 1019
  5, 39, 1019
 28, 40, 1020
 37, 36, 1023
 37, 37, 1023
 36, 37, 1024
 33, 39, 1024
  3, 39, 1025
 31, 40, 1027
 35, 38, 1028
 29, 40, 1028
 33, 38, 1031
 40, 34, 1032
 34, 38, 1032
 36, 38, 1034
 39, 35, 1035
  2, 39, 1036
 35, 39, 1037
  2, 40, 1039
 40, 35, 1040
 38, 36, 1040
 39, 36, 1040
 40, 36, 1042
 32, 39, 1042
 38, 37, 1049
  4, 40, 1052
 34, 39, 1053
  1, 40, 1054
  3, 40, 1058
 30, 40, 1058
  1, 39, 1062
 38, 38, 1063
 39, 37, 1067
 32, 40, 1067
 37, 38, 1085
 37, 39, 1131
 39, 39, 1179
 35, 40, 1181
 33, 40, 1187
 36, 39, 1189
 34, 40, 1193
 38, 39, 1199
 40, 37, 1205
 36, 40, 1207
 38, 40, 1211
 39, 38, 1213
 37, 40, 1226
 40, 38, 1253
 40, 39, 1272
 39, 40, 1293
 40, 40, 1298
