13,12,18,18,1
 28, 19,  444
 27, 16,  446
 23, 18,  446
 13, 19,  446
 27, 19,  446
 16, 24,  446
 26, 26,  446
 21, 14,  447
 13, 16,  447
 25, 21,  447
 13, 22,  447
 29, 22,  447
 16, 25,  447
 23, 25,  447
 23, 28,  447
 14, 17,  448
 29, 18,  448
 16, 20,  448
 15, 21,  448
 31, 23,  448
 28, 29,  448
 18, 13,  449
 27, 14,  449
 20, 15,  449
 16, 16,  449
 17, 16,  449
 18, 16,  449
 20, 16,  449
 23, 17,  449
 12, 19,  449
 14, 19,  449
 28, 20,  449
 13, 21,  449
 27, 21,  449
 25, 23,  449
 14, 24,  449
 25, 24,  449
 26, 24,  449
 24, 25,  449
 24, 26,  449
 16, 27,  449
 26, 27,  449
 24, 28,  449
 26, 29,  449
 15, 30,  449
 24, 30,  449
 16, 31,  449
 15, 14,  450
 17, 14,  450
 19, 14,  450
 13, 15,  450
 17, 15,  450
 18, 15,  450
 15, 17,  450
 28, 17,  450
 13, 18,  450
 16, 18,  450
 21, 18,  450
 12, 20,  450
 14, 20,  450
 30, 20,  450
 16, 21,  450
 18, 22,  450
 26, 23,  450
 25, 25,  450
 12, 26,  450
 19, 26,  450
 18, 27,  450
 20, 27,  450
 23, 27,  450
 28, 27,  450
 32, 27,  450
 15, 28,  450
 17, 28,  450
 28, 28,  450
 17, 29,  450
 19, 29,  450
 20, 29,  450
 17, 30,  450
 22, 30,  450
 19, 31,  450
 23, 31,  450
 19, 32,  450
 27, 12,  451
 20, 13,  451
 24, 13,  451
 25, 13,  451
 16, 14,  451
 24, 14,  451
 19, 15,  451
 22, 15,  451
 23, 15,  451
 26, 15,  451
 14, 16,  451
 21, 16,  451
 31, 16,  451
 13, 17,  451
 25, 17,  451
 29, 17,  451
 28, 18,  451
 15, 19,  451
 16, 19,  451
 17, 19,  451
 17, 20,  451
 20, 20,  451
 26, 20,  451
 27, 20,  451
 22, 21,  451
 26, 21,  451
 19, 22,  451
 22, 22,  451
 26, 22,  451
 27, 22,  451
 31, 22,  451
 12, 23,  451
 13, 23,  451
 15, 23,  451
 19, 23,  451
 22, 24,  451
 27, 24,  451
 26, 25,  451
 27, 25,  451
 20, 26,  451
 22, 26,  451
 29, 26,  451
 11, 27,  451
 12, 27,  451
 13, 27,  451
 22, 27,  451
 24, 27,  451
 25, 27,  451
 29, 27,  451
 16, 28,  451
 22, 28,  451
 29, 28,  451
 15, 29,  451
 27, 29,  451
 22, 31,  451
 27, 31,  451
 22, 32,  451
 14, 11,  452
 26, 11,  452
 12, 12,  452
 17, 12,  452
 11, 13,  452
 14, 13,  452
 26, 13,  452
 20, 14,  452
 23, 14,  452
 25, 14,  452
 27, 15,  452
 28, 15,  452
 24, 16,  452
 25, 16,  452
 29, 16,  452
 17, 17,  452
 18, 17,  452
 19, 17,  452
 26, 17,  452
 27, 17,  452
  9, 18,  452
 12, 18,  452
 14, 18,  452
 30, 18,  452
 18, 19,  452
 19, 19,  452
 21, 19,  452
 26, 19,  452
 29, 19,  452
 15, 20,  452
 19, 20,  452
 23, 21,  452
 29, 21,  452
 32, 21,  452
 11, 22,  452
 20, 22,  452
 23, 22,  452
 24, 22,  452
 30, 22,  452
 14, 23,  452
 21, 23,  452
 22, 23,  452
 28, 23,  452
 10, 24,  452
 11, 24,  452
 13, 24,  452
 21, 25,  452
 22, 25,  452
 28, 25,  452
 13, 26,  452
 15, 26,  452
 18, 26,  452
 23, 26,  452
 19, 27,  452
 27, 27,  452
 25, 28,  452
 27, 28,  452
 16, 29,  452
 21, 29,  452
 25, 29,  452
 14, 30,  452
 19, 30,  452
 21, 30,  452
 12, 31,  452
 21, 31,  452
 25, 31,  452
 23, 32,  452
 13, 11,  453
 17, 11,  453
 21, 11,  453
 13, 12,  453
 15, 12,  453
 21, 12,  453
 28, 12,  453
 16, 13,  453
 28, 13,  453
 14, 14,  453
 22, 14,  453
 26, 14,  453
 12, 15,  453
 25, 15,  453
 29, 15,  453
 23, 16,  453
 26, 16,  453
 28, 16,  453
 21, 17,  453
 30, 17,  453
 17, 18,  453
 20, 18,  453
 27, 18,  453
 31, 18,  453
 20, 19,  453
 25, 20,  453
 31, 20,  453
 17, 21,  453
 28, 21,  453
 16, 22,  453
 17, 22,  453
 32, 22,  453
 10, 23,  453
 16, 23,  453
 24, 23,  453
 27, 23,  453
 12, 24,  453
 17, 24,  453
 18, 24,  453
 20, 24,  453
 21, 24,  453
 31, 24,  453
 10, 25,  453
 12, 25,  453
 15, 25,  453
 30, 25,  453
 10, 26,  453
 16, 26,  453
 17, 26,  453
 27, 26,  453
 32, 26,  453
 10, 27,  453
 14, 27,  453
 15, 27,  453
 17, 27,  453
 21, 28,  453
 26, 28,  453
 30, 28,  453
 11, 29,  453
 22, 29,  453
 12, 30,  453
 13, 30,  453
 26, 30,  453
 13, 31,  453
 17, 32,  453
 21, 32,  453
 28, 32,  453
 16,  8,  454
 20,  9,  454
 19, 10,  454
 21, 10,  454
 19, 11,  454
 24, 11,  454
 10, 12,  454
 16, 12,  454
 18, 12,  454
 20, 12,  454
 25, 12,  454
 10, 13,  454
 17, 13,  454
 19, 13,  454
 23, 13,  454
 12, 14,  454
 13, 14,  454
 18, 14,  454
 28, 14,  454
 30, 14,  454
 15, 15,  454
 16, 15,  454
 21, 15,  454
 24, 15,  454
 12, 16,  454
 19, 16,  454
 30, 16,  454
 12, 17,  454
 20, 17,  454
 22, 17,  454
 15, 18,  454
 24, 18,  454
  9, 19,  454
 10, 19,  454
 30, 19,  454
 31, 19,  454
 11, 20,  454
 13, 20,  454
 18, 20,  454
 21, 20,  454
 24, 20,  454
 18, 21,  454
 19, 21,  454
 20, 21,  454
 25, 22,  454
 28, 22,  454
 17, 23,  454
 30, 23,  454
 24, 24,  454
 30, 24,  454
 11, 25,  454
 14, 25,  454
 18, 25,  454
 19, 25,  454
 29, 25,  454
 11, 26,  454
 14, 26,  454
 25, 26,  454
 30, 26,  454
  9, 27,  454
 21, 27,  454
 30, 27,  454
 10, 28,  454
 12, 28,  454
 13, 28,  454
 19, 28,  454
 31, 28,  454
 13, 29,  454
 18, 29,  454
 23, 29,  454
 24, 29,  454
 16, 30,  454
 18, 30,  454
 25, 30,  454
 28, 30,  454
 14, 31,  454
 15, 31,  454
 16, 32,  454
 26, 32,  454
 27, 32,  454
 19, 34,  454
 27, 10,  455
 18, 11,  455
 25, 11,  455
 27, 11,  455
 23, 12,  455
 26, 12,  455
 12, 13,  455
 15, 13,  455
 21, 13,  455
 30, 13,  455
  9, 15,  455
 14, 15,  455
 31, 15,  455
 22, 16,  455
 16, 17,  455
  8, 18,  455
 18, 18,  455
 19, 18,  455
 26, 18,  455
 11, 19,  455
 23, 19,  455
 24, 19,  455
 25, 19,  455
 29, 20,  455
 11, 21,  455
 12, 21,  455
 14, 21,  455
 31, 21,  455
 12, 22,  455
 14, 22,  455
 15, 22,  455
 18, 23,  455
 23, 23,  455
 29, 23,  455
 32, 23,  455
 33, 23,  455
 15, 24,  455
 19, 24,  455
 28, 24,  455
 29, 24,  455
 32, 24,  455
  9, 25,  455
 20, 25,  455
 31, 25,  455
 28, 26,  455
 18, 28,  455
 20, 28,  455
 29, 29,  455
 31, 29,  455
 20, 30,  455
 23, 30,  455
 27, 30,  455
 29, 30,  455
 31, 30,  455
 24, 31,  455
 26, 31,  455
 11, 32,  455
 18, 32,  455
 24, 32,  455
 25, 32,  455
 15, 33,  455
 16, 33,  455
 18, 33,  455
 22, 33,  455
 23, 33,  455
 15, 10,  456
 26, 10,  456
 20, 11,  456
 22, 11,  456
 14, 12,  456
 19, 12,  456
 22, 13,  456
 27, 13,  456
 29, 13,  456
 10, 15,  456
 30, 15,  456
  9, 16,  456
 11, 16,  456
 15, 16,  456
 24, 17,  456
 22, 18,  456
 25, 18,  456
  8, 20,  456
 23, 20,  456
 32, 20,  456
  9, 21,  456
 10, 21,  456
 21, 21,  456
  9, 23,  456
 11, 23,  456
  8, 24,  456
  9, 24,  456
 23, 24,  456
 13, 25,  456
  8, 26,  456
 31, 26,  456
 10, 29,  456
 14, 29,  456
 30, 29,  456
 15, 32,  456
 20, 32,  456
 26, 33,  456
 16, 34,  456
 17,  9,  457
 23,  9,  457
 22, 10,  457
 24, 10,  457
 25, 10,  457
 23, 11,  457
 30, 11,  457
 24, 12,  457
 29, 12,  457
 31, 13,  457
 11, 14,  457
 11, 15,  457
 10, 16,  457
 33, 16,  457
 10, 17,  457
 22, 19,  457
 32, 19,  457
 10, 20,  457
 24, 21,  457
 30, 21,  457
 33, 21,  457
 20, 23,  457
 17, 25,  457
 21, 26,  457
 14, 28,  457
 32, 29,  457
  9, 30,  457
 30, 30,  457
 17, 31,  457
 28, 31,  457
 31, 31,  457
 13, 32,  457
 14, 32,  457
 12, 33,  457
 20, 33,  457
 24, 33,  457
 28, 33,  457
 22, 34,  457
 23, 34,  457
 24, 34,  457
 25,  8,  458
 25,  9,  458
 18, 10,  458
 30, 10,  458
 11, 11,  458
 22, 12,  458
 13, 13,  458
 29, 14,  458
 32, 15,  458
 32, 16,  458
 11, 18,  458
  9, 20,  458
 22, 20,  458
 33, 20,  458
  8, 21,  458
  9, 22,  458
 33, 22,  458
  8, 23,  458
  8, 25,  458
  8, 28,  458
 32, 28,  458
  9, 29,  458
 11, 31,  458
 18, 31,  458
 29, 31,  458
 12, 32,  458
 30, 32,  458
 32, 32,  458
 17, 33,  458
 25, 33,  458
 11, 34,  458
 21, 34,  458
 18, 35,  458
 21,  9,  459
 10, 10,  459
 23, 10,  459
 12, 11,  459
 11, 12,  459
 33, 15,  459
  9, 17,  459
 11, 17,  459
 34, 19,  459
 21, 22,  459
  7, 24,  459
 33, 25,  459
  7, 26,  459
  9, 26,  459
 31, 27,  459
  9, 28,  459
 11, 28,  459
 20, 31,  459
 14, 33,  459
 19, 33,  459
 29, 33,  459
 17, 34,  459
 16, 35,  459
 23, 35,  459
 19,  7,  460
 12,  9,  460
 13,  9,  460
 22,  9,  460
 17, 10,  460
  9, 11,  460
 15, 11,  460
 16, 11,  460
 30, 12,  460
 32, 13,  460
 33, 13,  460
 10, 14,  460
 32, 14,  460
  8, 16,  460
 33, 17,  460
 34, 17,  460
 32, 18,  460
 35, 19,  460
 34, 20,  460
 35, 21,  460
 10, 22,  460
 34, 23,  460
 33, 24,  460
  8, 27,  460
 12, 29,  460
 10, 30,  460
 11, 30,  460
 30, 31,  460
 21, 33,  460
 27, 33,  460
 14, 34,  460
 18, 34,  460
 20, 34,  460
 16,  9,  461
 18,  9,  461
 14, 10,  461
 16, 10,  461
 29, 10,  461
 31, 10,  461
 31, 11,  461
 32, 12,  461
  6, 14,  461
  8, 15,  461
  8, 22,  461
 34, 22,  461
  7, 23,  461
  6, 25,  461
  7, 25,  461
 34, 25,  461
  7, 27,  461
 33, 27,  461
  8, 29,  461
 10, 31,  461
 11, 33,  461
 13, 33,  461
 30, 33,  461
 17, 35,  461
 25,  7,  462
 18,  8,  462
 27,  8,  462
 15,  9,  462
 19,  9,  462
 27,  9,  462
 28,  9,  462
 28, 10,  462
 28, 11,  462
 29, 11,  462
  9, 12,  462
  9, 13,  462
  8, 14,  462
 31, 14,  462
 34, 15,  462
  7, 16,  462
 34, 16,  462
  8, 17,  462
 31, 17,  462
 32, 17,  462
 10, 18,  462
 33, 19,  462
  7, 21,  462
 32, 25,  462
 34, 26,  462
 32, 30,  462
 10, 32,  462
 10, 33,  462
 31, 33,  462
 19, 35,  462
 22, 35,  462
 19,  8,  463
 20,  8,  463
 23,  8,  463
 28,  8,  463
 14,  9,  463
 26,  9,  463
 12, 10,  463
 32, 11,  463
 31, 12,  463
  7, 14,  463
 33, 14,  463
 33, 18,  463
  8, 19,  463
  7, 20,  463
 35, 20,  463
 34, 21,  463
  7, 22,  463
 35, 23,  463
 35, 25,  463
  7, 30,  463
 29, 32,  463
 13, 34,  463
 15, 34,  463
 26, 34,  463
 15, 35,  463
 21, 35,  463
 27, 35,  463
 16, 36,  463
 17, 36,  463
 22,  7,  464
 15,  8,  464
 22,  8,  464
 24,  8,  464
 11,  9,  464
 13, 10,  464
 20, 10,  464
 35, 16,  464
  7, 19,  464
  5, 20,  464
  6, 22,  464
 35, 22,  464
 34, 24,  464
 35, 24,  464
 36, 25,  464
 33, 28,  464
 33, 29,  464
  8, 30,  464
 33, 30,  464
  9, 31,  464
 33, 31,  464
 25, 34,  464
 30, 34,  464
 12, 35,  464
 20, 35,  464
 23, 36,  464
 16,  7,  465
 21,  7,  465
 14,  8,  465
 21,  8,  465
 29,  8,  465
  9, 10,  465
 11, 10,  465
  8, 11,  465
 10, 11,  465
  9, 14,  465
 34, 14,  465
  6, 17,  465
  6, 20,  465
  6, 21,  465
  6, 23,  465
 35, 26,  465
 34, 27,  465
 34, 28,  465
 34, 29,  465
 32, 31,  465
 31, 32,  465
  9, 34,  465
 12, 34,  465
 24, 35,  465
 26, 35,  465
 18, 36,  465
 19, 36,  465
 30, 36,  465
 20,  6,  466
 17,  8,  466
 10,  9,  466
 30,  9,  466
  8, 12,  466
 33, 12,  466
  7, 13,  466
  8, 13,  466
  7, 15,  466
  7, 17,  466
 35, 17,  466
  7, 18,  466
  6, 19,  466
  5, 21,  466
 33, 26,  466
 35, 28,  466
  7, 29,  466
 35, 30,  466
 33, 32,  466
 22, 36,  466
 24, 36,  466
 25, 36,  466
 20, 37,  466
 14,  7,  467
 23,  7,  467
 11,  8,  467
 24,  9,  467
 29,  9,  467
  8, 10,  467
 35, 14,  467
  6, 15,  467
  6, 18,  467
 34, 18,  467
 36, 18,  467
 36, 24,  467
  6, 26,  467
 34, 31,  467
  9, 32,  467
 32, 33,  467
 27, 34,  467
 13, 35,  467
 25, 35,  467
 28, 35,  467
 21, 36,  467
 24, 37,  467
 22,  6,  468
 31,  8,  468
  9,  9,  468
 33, 11,  468
  7, 12,  468
 34, 13,  468
  6, 16,  468
  5, 18,  468
 36, 23,  468
  6, 24,  468
  5, 27,  468
  7, 28,  468
  6, 31,  468
  8, 32,  468
 28, 34,  468
 20, 36,  468
 26, 36,  468
 11,  7,  469
 27,  7,  469
 13,  8,  469
 26,  8,  469
 30,  8,  469
 35, 15,  469
  5, 17,  469
  5, 22,  469
  5, 23,  469
  6, 27,  469
  6, 29,  469
  7, 31,  469
  8, 31,  469
  9, 33,  469
 14, 35,  469
 28, 36,  469
 19, 37,  469
 23, 37,  469
 24, 38,  469
 14,  6,  470
 25,  6,  470
 18,  7,  470
 26,  7,  470
 28,  7,  470
 12,  8,  470
 36, 15,  470
 35, 18,  470
  5, 26,  470
  6, 28,  470
  6, 30,  470
  8, 33,  470
 29, 34,  470
 29, 35,  470
 31, 35,  470
 13, 36,  470
 15, 37,  470
 16, 37,  470
 17, 37,  470
 21, 37,  470
 22, 37,  470
 12,  6,  471
 13,  6,  471
 27,  6,  471
 15,  7,  471
  8,  9,  471
 31,  9,  471
 32,  9,  471
 32, 10,  471
 34, 12,  471
 36, 19,  471
  4, 20,  471
 36, 20,  471
 36, 21,  471
 34, 30,  471
 34, 32,  471
 34, 33,  471
  9, 35,  471
 15, 36,  471
 29, 36,  471
 18, 37,  471
 26, 37,  471
 18,  6,  472
 23,  6,  472
 17,  7,  472
 20,  7,  472
 24,  7,  472
 10,  8,  472
  7, 11,  472
 35, 13,  472
  5, 15,  472
  4, 22,  472
  4, 24,  472
  5, 29,  472
  7, 32,  472
 10, 34,  472
 31, 34,  472
 10, 35,  472
 11, 36,  472
 14, 36,  472
 27, 36,  472
 32, 36,  472
 13, 37,  472
 14, 37,  472
 19, 38,  472
 15,  6,  473
 26,  6,  473
 35, 12,  473
  6, 13,  473
 37, 16,  473
  5, 24,  473
  5, 30,  473
 33, 33,  473
 32, 34,  473
 11, 35,  473
 28, 37,  473
 18, 39,  473
 17,  5,  474
 19,  5,  474
 21,  6,  474
 10,  7,  474
 12,  7,  474
 29,  7,  474
 33,  9,  474
 33, 10,  474
 34, 11,  474
 38, 15,  474
  5, 16,  474
 36, 17,  474
  3, 19,  474
  4, 19,  474
  2, 22,  474
 37, 22,  474
  5, 25,  474
 36, 26,  474
 35, 31,  474
 32, 35,  474
 12, 36,  474
 12, 37,  474
 17, 38,  474
 21, 38,  474
 23, 38,  474
 23, 39,  474
 32,  7,  475
 35,  9,  475
 35, 10,  475
  6, 11,  475
 37, 12,  475
  4, 13,  475
  5, 13,  475
 36, 16,  475
 38, 17,  475
  4, 23,  475
 39, 24,  475
  4, 28,  475
  5, 28,  475
 36, 28,  475
  7, 33,  475
 25, 37,  475
 17,  4,  476
 18,  5,  476
 20,  5,  476
 24,  5,  476
 26,  5,  476
 13,  7,  476
  9,  8,  476
 34,  9,  476
  7, 10,  476
  6, 12,  476
 36, 13,  476
  5, 19,  476
 37, 20,  476
 37, 21,  476
 36, 22,  476
  4, 25,  476
  4, 26,  476
 36, 29,  476
 36, 30,  476
 30, 35,  476
 31, 36,  476
 18, 38,  476
 20, 38,  476
 22, 38,  476
 16,  6,  477
 19,  6,  477
 24,  6,  477
 29,  6,  477
 33,  7,  477
 33,  8,  477
 34, 10,  477
  4, 16,  477
 37, 18,  477
 37, 27,  477
 35, 29,  477
  8, 34,  477
 13, 38,  477
 27, 38,  477
 19,  4,  478
 21,  5,  478
 23,  5,  478
 17,  6,  478
 28,  6,  478
 32,  8,  478
 35, 11,  478
 36, 11,  478
 36, 12,  478
 37, 15,  478
 38, 19,  478
  3, 22,  478
  3, 26,  478
 37, 26,  478
  4, 29,  478
 37, 29,  478
 12, 38,  478
 26, 38,  478
 24, 39,  478
 21,  4,  479
 12,  5,  479
 16,  5,  479
  8,  7,  479
 30,  7,  479
 36, 14,  479
  4, 17,  479
 37, 17,  479
  3, 18,  479
 37, 19,  479
 37, 23,  479
 38, 23,  479
 37, 24,  479
 37, 25,  479
 36, 27,  479
 33, 34,  479
 10, 36,  479
 27, 37,  479
 28, 38,  479
 29, 39,  479
 22,  5,  480
 27,  5,  480
  4, 18,  480
  3, 23,  480
  3, 25,  480
 38, 25,  480
 35, 27,  480
 35, 34,  480
 30, 37,  480
 16, 38,  480
 21, 39,  480
 26, 39,  480
 18,  4,  481
 25,  5,  481
 29,  5,  481
 31,  7,  481
  6, 10,  481
  4, 15,  481
 38, 18,  481
 38, 26,  481
 37, 28,  481
  3, 29,  481
 38, 29,  481
  7, 34,  481
  6, 35,  481
  8, 36,  481
 11, 37,  481
 29, 37,  481
 31, 37,  481
 32, 37,  481
 15, 38,  481
 20, 39,  481
 18, 40,  481
 13,  5,  482
 14,  5,  482
 30,  6,  482
 31,  6,  482
 33,  6,  482
  7,  8,  482
  8,  8,  482
 34,  8,  482
  6,  9,  482
  3, 15,  482
  3, 21,  482
  4, 21,  482
 38, 21,  482
  3, 24,  482
  4, 27,  482
 37, 30,  482
  5, 31,  482
 33, 36,  482
 11, 38,  482
 14, 38,  482
 29, 38,  482
 15, 39,  482
 21,  3,  483
  5, 14,  483
 38, 14,  483
 38, 16,  483
 35, 33,  483
 36, 33,  483
 34, 34,  483
  8, 35,  483
 25, 38,  483
 17, 39,  483
 22, 39,  483
 20,  4,  484
 11,  5,  484
  9,  7,  484
  6,  8,  484
 36, 10,  484
  1, 20,  484
 38, 22,  484
 38, 24,  484
  3, 28,  484
 33, 35,  484
 16, 39,  484
 16,  4,  485
 22,  4,  485
 15,  5,  485
  9,  6,  485
 11,  6,  485
  5, 11,  485
  3, 14,  485
  3, 16,  485
 36, 31,  485
  5, 32,  485
  6, 32,  485
 35, 32,  485
 36, 32,  485
  8, 37,  485
  9, 37,  485
 10, 37,  485
 23,  4,  486
  7,  7,  486
  7,  9,  486
 37, 13,  486
  4, 30,  486
  4, 32,  486
  5, 33,  486
  6, 34,  486
  7, 35,  486
 34, 35,  486
 14, 39,  486
 28, 39,  486
 18,  3,  487
 22,  3,  487
 12,  4,  487
 15,  4,  487
 25,  4,  487
 26,  4,  487
 27,  4,  487
  4, 12,  487
  5, 12,  487
  4, 14,  487
  2, 17,  487
 38, 20,  487
 39, 20,  487
  3, 27,  487
 38, 30,  487
 15, 40,  487
 26, 40,  487
 17,  3,  488
 13,  4,  488
 28,  4,  488
 30,  4,  488
 31,  5,  488
 32,  6,  488
 37, 14,  488
 39, 16,  488
 39, 22,  488
 39, 28,  488
  6, 33,  488
 10, 38,  488
 15,  3,  489
 25,  3,  489
 11,  4,  489
 30,  5,  489
 10,  6,  489
 37, 10,  489
 38, 11,  489
  3, 20,  489
 39, 21,  489
  2, 24,  489
 39, 25,  489
 38, 27,  489
  2, 28,  489
  2, 29,  489
 32, 38,  489
 12, 39,  489
 25, 39,  489
 27, 39,  489
 24,  4,  490
 29,  4,  490
 10,  5,  490
  5,  9,  490
 38, 13,  490
  2, 18,  490
  2, 21,  490
 39, 27,  490
 37, 31,  490
  7, 36,  490
  9, 36,  490
 31, 38,  490
 11, 39,  490
 16, 40,  490
 17,  2,  491
 19,  3,  491
 28,  5,  491
  8,  6,  491
  4,  9,  491
 39, 13,  491
  3, 17,  491
 39, 18,  491
  2, 23,  491
 34,  7,  492
 35,  8,  492
 36,  9,  492
  3, 13,  492
  2, 25,  492
 38, 31,  492
 37, 32,  492
 36, 34,  492
 34, 37,  492
  9, 38,  492
 30, 38,  492
 19, 39,  492
 23,  3,  493
 24,  3,  493
 29,  3,  493
 14,  4,  493
 31,  4,  493
  5, 10,  493
  4, 11,  493
 39, 15,  493
 39, 17,  493
  2, 20,  493
  2, 26,  493
 38, 28,  493
 10, 39,  493
 27,  3,  494
  8,  5,  494
  2, 16,  494
  2, 19,  494
 39, 23,  494
 39, 29,  494
  4, 31,  494
 13, 39,  494
 30, 39,  494
 25, 40,  494
  9,  4,  495
  6,  7,  495
  4, 10,  495
 39, 19,  495
 34, 36,  495
 19, 40,  495
 22, 40,  495
 24, 40,  495
 24,  2,  496
 20,  3,  496
 10,  4,  496
 37,  9,  496
 33, 37,  496
 35, 37,  496
 13, 40,  496
 20,  2,  497
 27,  2,  497
  6,  6,  497
 39, 10,  497
  2, 14,  497
  2, 27,  497
 40, 27,  497
  2, 30,  497
  3, 30,  497
 35, 36,  497
  6, 37,  497
 23,  2,  498
 32,  5,  498
  1, 22,  498
 39, 26,  498
 37, 33,  498
 37, 34,  498
  9, 39,  498
 23, 40,  498
 28, 40,  498
 30, 40,  498
 21,  2,  499
 22,  2,  499
  9,  5,  499
 33,  5,  499
 35,  7,  499
  5,  8,  499
 36,  8,  499
  2, 15,  499
 40, 18,  499
 40, 22,  499
  4, 33,  499
  5, 35,  499
  7, 37,  499
 14, 40,  499
 20, 40,  499
 16,  2,  500
 28,  3,  500
 40, 21,  500
 40, 23,  500
 39, 31,  500
 36, 35,  500
  6, 36,  500
  8, 38,  500
 21, 40,  500
 18,  1,  501
 14,  3,  501
 16,  3,  501
  7,  6,  501
 34,  6,  501
 36,  7,  501
 37, 11,  501
 38, 12,  501
 40, 16,  501
  1, 21,  501
  1, 23,  501
 40, 26,  501
  3, 31,  501
 37, 35,  501
 17, 40,  501
 15,  2,  502
 30,  3,  502
  4,  8,  502
 39,  9,  502
  1, 17,  502
 40, 24,  502
  1, 25,  502
 40, 25,  502
  5, 36,  502
 15,  1,  503
 19,  2,  503
 25,  2,  503
 37,  8,  503
  1, 16,  503
 40, 20,  503
  1, 24,  503
 36, 36,  503
 33, 38,  503
 27, 40,  503
 18,  2,  504
 12,  3,  504
 13,  3,  504
 26,  3,  504
 34,  5,  504
  5,  7,  504
  3, 11,  504
 39, 11,  504
  2, 12,  504
 39, 14,  504
 40, 14,  504
 40, 19,  504
 38, 32,  504
  8, 39,  504
 29, 40,  504
  3, 10,  505
 38, 10,  505
 40, 15,  505
  1, 27,  505
  3, 32,  505
  5, 34,  505
 31, 39,  505
 23,  1,  506
 38,  9,  506
 39, 12,  506
  1, 26,  506
 40, 28,  506
 10, 40,  506
 28,  2,  507
 11,  3,  507
 33,  4,  507
  2, 10,  507
  1, 18,  507
 39, 30,  507
 35, 35,  507
  3, 12,  508
  1, 15,  508
 40, 17,  508
  1, 28,  508
 35, 38,  508
 26,  2,  509
  5,  4,  509
 38, 33,  509
  4, 34,  509
  5, 37,  509
  9, 40,  509
 12, 40,  509
 16,  1,  510
 14,  2,  510
 34,  4,  510
 36,  6,  510
  3,  7,  510
 32, 39,  510
 21,  1,  511
  5,  5,  511
  7,  5,  511
  7, 38,  511
  8,  4,  512
 40, 13,  512
  1, 19,  512
  4, 35,  512
 22,  1,  513
 13,  2,  513
  4,  6,  513
  4, 36,  513
 31,  2,  514
 31,  3,  514
  6,  4,  514
 35,  5,  514
  1, 11,  514
 40, 30,  514
  3, 33,  514
 34, 38,  514
 31, 40,  514
 20,  1,  515
 25,  1,  515
 29,  2,  515
 35,  4,  515
 35,  6,  515
  2, 32,  515
 37, 36,  515
 33, 39,  515
  8,  3,  516
  9,  3,  516
 37,  7,  516
  1, 29,  516
 13,  1,  517
 17,  1,  517
 32,  4,  517
  5,  6,  517
 38, 35,  517
  6, 38,  517
 34, 39,  517
 24,  1,  518
 11,  2,  518
  6,  5,  518
  2, 11,  518
  2, 31,  518
 39, 33,  518
 19,  1,  519
  9,  2,  519
 12,  2,  519
  7,  4,  519
  2, 13,  519
 32, 40,  519
 40, 12,  521
  1, 13,  521
 38, 36,  521
 26,  1,  522
 32,  3,  522
 36,  5,  522
 37,  6,  522
  3,  9,  522
 10,  3,  524
  3,  8,  524
  1, 12,  524
  2, 34,  524
  3, 34,  524
 10,  2,  525
 38,  8,  525
 40, 31,  525
 39, 32,  525
 36, 37,  525
 36,  4,  526
 11, 40,  526
 14,  1,  527
 32,  2,  527
  1, 30,  527
 40, 32,  527
  2, 33,  527
 36, 38,  527
 40, 29,  528
  1, 31,  528
 39, 34,  530
 37, 38,  530
 28,  1,  531
 30,  1,  531
  4,  7,  531
 40, 10,  531
  1, 14,  531
 38, 34,  531
 33, 40,  531
 33,  3,  532
 39,  8,  532
  2,  9,  532
  5, 38,  532
 12,  1,  533
 30,  2,  533
  7,  3,  535
 27,  1,  536
  2,  8,  536
  6, 39,  536
 38,  7,  538
  1,  9,  539
  1, 32,  539
 10,  1,  540
  4, 37,  540
  6, 40,  540
  7, 40,  540
 40, 11,  541
  3, 35,  541
 29,  1,  543
 40,  9,  543
 40, 33,  543
  2, 36,  543
 34, 40,  545
  8,  2,  546
 37, 37,  546
 35, 39,  546
  1, 10,  548
 39, 35,  548
  7, 39,  549
 11,  1,  552
 39, 36,  553
 40, 34,  556
  4,  5,  557
  3,  6,  557
 35, 40,  557
 34,  2,  560
  2,  7,  563
  2,  6,  565
  8, 40,  568
 40, 35,  569
  6,  3,  572
  3, 36,  578
 38, 37,  579
  7,  2,  595
 36, 39,  681
  2, 35,  682
 31,  1,  683
 34,  3,  684
 39,  7,  691
 39, 37,  691
  9,  1,  695
  5,  3,  695
 38, 38,  695
 38,  6,  696
  3, 37,  696
 36, 40,  696
  1, 34,  698
  8,  1,  701
 33,  1,  701
 37,  4,  701
  3,  5,  701
 40,  8,  701
  6,  2,  702
 38, 39,  702
 34,  1,  703
 35,  3,  703
  5,  2,  705
 36,  2,  705
  4,  4,  707
 37,  3,  709
  1,  8,  709
  1, 36,  711
  4, 38,  711
  1, 33,  712
 38,  5,  714
  6,  1,  715
 32,  1,  715
 36,  3,  715
 40,  7,  715
 37,  5,  716
  4, 39,  717
  7,  1,  719
  3,  4,  719
  1,  7,  719
  4,  3,  720
 37, 40,  720
 33,  2,  722
 39,  5,  722
  2,  5,  723
  1,  6,  723
 37, 39,  723
  5, 40,  723
  5, 39,  724
 39, 38,  726
 39,  6,  727
  1, 35,  727
 40,  6,  728
  3, 38,  728
 40, 36,  732
  2,  4,  734
 35,  2,  735
  3, 39,  735
 39, 39,  735
 40,  5,  736
 38,  4,  737
  1,  5,  737
 37,  1,  738
 40, 38,  738
  3,  3,  740
  2, 37,  740
  4, 40,  740
  2, 38,  741
  1,  4,  742
  1, 37,  742
 40, 37,  742
 35,  1,  745
  3, 40,  745
  2,  3,  746
  5,  1,  747
 38,  2,  750
 38, 40,  750
  4,  1,  751
 36,  1,  752
 39, 40,  752
 39,  4,  753
  3,  2,  754
  4,  2,  755
 39,  3,  755
  2, 39,  756
 40,  3,  757
 40,  4,  757
  2,  2,  762
 39,  2,  762
 38,  3,  762
  1, 38,  762
 37,  2,  767
  3,  1,  770
  1,  3,  779
  1,  2,  792
  2, 40,  799
 38,  1,  804
 39,  1,  806
  1, 39,  813
  2,  1,  842
 40, 40,  876
 40, 39,  893
 40,  2,  896
  1, 40,  896
  1,  1,  902
 40,  1,  919
