15, 6,22,22,1
 18, 17,  444
 25, 18,  447
 22, 12,  448
 12, 14,  448
 23, 19,  448
 28, 20,  448
 20, 14,  449
 24, 17,  449
  7, 20,  449
 26, 23,  449
 25, 24,  449
 26, 30,  449
 25, 34,  449
 23, 35,  449
 21, 16,  450
 22, 16,  450
  7, 17,  450
 10, 17,  450
 14, 17,  450
 19, 17,  450
  7, 21,  450
  9, 22,  450
 11, 22,  450
 28, 22,  450
 24, 23,  450
  9, 29,  450
 28, 31,  450
 22, 34,  450
 26, 34,  450
 12, 36,  450
 23, 36,  450
 11, 14,  451
 22, 14,  451
 24, 14,  451
  8, 16,  451
 27, 16,  451
 25, 17,  451
 26, 17,  451
 13, 18,  451
 27, 18,  451
  7, 19,  451
 21, 19,  451
  9, 20,  451
  6, 22,  451
  8, 23,  451
 27, 23,  451
  7, 24,  451
  6, 25,  451
  9, 26,  451
 10, 26,  451
  8, 27,  451
  6, 31,  451
 11, 31,  451
 27, 31,  451
 26, 32,  451
 23, 33,  451
 24, 33,  451
 14, 37,  451
 22, 13,  452
 25, 13,  452
 24, 15,  452
 25, 15,  452
 19, 16,  452
 25, 16,  452
 12, 17,  452
 16, 17,  452
  8, 18,  452
  9, 18,  452
 22, 18,  452
 24, 18,  452
 10, 19,  452
 11, 19,  452
 24, 19,  452
 28, 19,  452
  6, 20,  452
 24, 20,  452
 25, 20,  452
 19, 21,  452
 22, 22,  452
 23, 23,  452
  8, 24,  452
 28, 26,  452
  4, 27,  452
  6, 27,  452
 24, 27,  452
 26, 29,  452
 10, 30,  452
 27, 30,  452
  7, 31,  452
 16, 32,  452
 27, 32,  452
  7, 33,  452
 11, 33,  452
 26, 33,  452
 25, 35,  452
 13, 36,  452
 24, 36,  452
 25, 36,  452
 21, 37,  452
 24, 12,  453
 12, 13,  453
 17, 13,  453
 10, 14,  453
 13, 14,  453
 26, 14,  453
 13, 15,  453
 18, 15,  453
 20, 15,  453
 23, 15,  453
 18, 16,  453
  8, 17,  453
  5, 18,  453
 12, 18,  453
 21, 18,  453
 23, 18,  453
 22, 19,  453
 27, 19,  453
 30, 19,  453
 26, 20,  453
  5, 21,  453
 13, 21,  453
 25, 21,  453
 23, 22,  453
 26, 22,  453
  7, 23,  453
  5, 24,  453
  6, 24,  453
  9, 24,  453
 27, 24,  453
  7, 25,  453
 27, 25,  453
 28, 25,  453
 25, 26,  453
 10, 27,  453
  6, 28,  453
  9, 28,  453
 27, 28,  453
 28, 28,  453
  6, 29,  453
 25, 29,  453
 28, 29,  453
  8, 30,  453
 11, 30,  453
 23, 30,  453
  8, 31,  453
  9, 32,  453
 10, 32,  453
 20, 32,  453
 24, 32,  453
  5, 33,  453
  6, 33,  453
 17, 33,  453
 22, 33,  453
 27, 33,  453
 11, 34,  453
 17, 34,  453
 18, 34,  453
 20, 34,  453
 23, 34,  453
 19, 35,  453
 24, 35,  453
  9, 36,  453
 23, 37,  453
  9, 12,  454
 15, 14,  454
 17, 14,  454
 18, 14,  454
 19, 14,  454
 25, 14,  454
 11, 15,  454
 21, 15,  454
 22, 15,  454
 27, 15,  454
  7, 16,  454
 15, 16,  454
 20, 16,  454
 23, 16,  454
 24, 16,  454
 26, 16,  454
 29, 16,  454
 22, 17,  454
 14, 18,  454
 17, 18,  454
 18, 18,  454
 26, 18,  454
 14, 19,  454
 18, 19,  454
  5, 20,  454
  8, 20,  454
 11, 20,  454
 15, 20,  454
 21, 20,  454
 29, 20,  454
 10, 21,  454
 11, 21,  454
 23, 21,  454
 27, 21,  454
  7, 22,  454
  6, 23,  454
 30, 23,  454
  5, 25,  454
  6, 26,  454
 25, 27,  454
 26, 27,  454
 29, 27,  454
  7, 28,  454
 22, 28,  454
 24, 28,  454
 26, 28,  454
 29, 28,  454
 30, 29,  454
  5, 30,  454
  6, 30,  454
 25, 30,  454
 10, 31,  454
 23, 31,  454
 24, 31,  454
 25, 31,  454
  7, 32,  454
 23, 32,  454
 28, 32,  454
  9, 33,  454
 13, 33,  454
  7, 34,  454
 12, 34,  454
  5, 35,  454
  7, 35,  454
 11, 35,  454
 12, 35,  454
 18, 35,  454
 22, 36,  454
 11, 37,  454
 17, 37,  454
 20, 37,  454
 25, 38,  454
 17, 39,  454
 10, 12,  455
 20, 12,  455
  9, 13,  455
 13, 13,  455
 18, 13,  455
 20, 13,  455
  7, 14,  455
 14, 14,  455
 16, 14,  455
 21, 14,  455
 27, 14,  455
 15, 15,  455
 28, 15,  455
  9, 16,  455
 12, 16,  455
 13, 16,  455
 17, 16,  455
  9, 17,  455
 11, 17,  455
 15, 17,  455
 21, 17,  455
 27, 17,  455
 15, 18,  455
 19, 18,  455
  4, 19,  455
  8, 19,  455
  9, 19,  455
 19, 19,  455
 20, 19,  455
 29, 19,  455
 10, 20,  455
 12, 20,  455
 19, 20,  455
 23, 20,  455
 29, 21,  455
 29, 22,  455
  4, 23,  455
 10, 23,  455
 25, 23,  455
  4, 25,  455
  8, 26,  455
 24, 26,  455
 23, 27,  455
 27, 27,  455
  5, 28,  455
 12, 28,  455
 23, 28,  455
 25, 28,  455
 31, 28,  455
 23, 29,  455
 27, 29,  455
  7, 30,  455
  5, 31,  455
 20, 31,  455
 21, 31,  455
 15, 33,  455
 19, 33,  455
 20, 33,  455
 21, 33,  455
  5, 34,  455
  8, 34,  455
 14, 34,  455
 22, 35,  455
  8, 36,  455
 19, 37,  455
 17, 38,  455
 20, 11,  456
 18, 12,  456
 21, 12,  456
 16, 13,  456
 24, 13,  456
 27, 13,  456
 23, 14,  456
  9, 15,  456
 12, 15,  456
 16, 15,  456
 19, 15,  456
  5, 16,  456
 11, 16,  456
 28, 16,  456
  6, 17,  456
 10, 18,  456
 29, 18,  456
  6, 19,  456
 25, 19,  456
  4, 20,  456
 13, 20,  456
 20, 20,  456
 27, 20,  456
  8, 21,  456
 22, 21,  456
 24, 21,  456
 28, 21,  456
 30, 21,  456
  8, 22,  456
 25, 22,  456
  2, 23,  456
 12, 23,  456
 28, 23,  456
  2, 24,  456
  4, 24,  456
  3, 25,  456
 12, 25,  456
 22, 25,  456
 29, 25,  456
  2, 26,  456
  5, 26,  456
 21, 26,  456
 26, 26,  456
 29, 26,  456
  5, 27,  456
  7, 27,  456
 28, 27,  456
 21, 28,  456
  8, 29,  456
  4, 30,  456
 17, 30,  456
 29, 30,  456
  9, 31,  456
 12, 31,  456
 22, 31,  456
 26, 31,  456
  6, 32,  456
 25, 32,  456
 10, 33,  456
 18, 33,  456
  9, 34,  456
 16, 34,  456
 27, 34,  456
  9, 35,  456
 13, 35,  456
 17, 35,  456
 28, 35,  456
  7, 36,  456
 10, 36,  456
 11, 36,  456
 18, 36,  456
 19, 36,  456
 20, 36,  456
 21, 36,  456
  9, 37,  456
 26, 37,  456
 11, 38,  456
 24, 38,  456
  9, 11,  457
 12, 11,  457
 13, 12,  457
 16, 12,  457
 23, 12,  457
 25, 12,  457
 11, 13,  457
 15, 13,  457
 23, 13,  457
  8, 14,  457
  9, 14,  457
  5, 15,  457
 10, 15,  457
 26, 15,  457
  4, 16,  457
 30, 16,  457
 13, 17,  457
 17, 17,  457
 20, 17,  457
 23, 17,  457
  3, 18,  457
 11, 18,  457
 20, 18,  457
 28, 18,  457
 31, 18,  457
 16, 19,  457
 26, 19,  457
 17, 20,  457
 18, 20,  457
 32, 21,  457
  4, 22,  457
  5, 22,  457
 10, 22,  457
 27, 22,  457
 30, 22,  457
  5, 23,  457
 13, 23,  457
 21, 23,  457
  3, 24,  457
 23, 24,  457
 24, 24,  457
 26, 24,  457
 29, 24,  457
  8, 25,  457
  9, 25,  457
 10, 25,  457
 23, 26,  457
 27, 26,  457
 31, 26,  457
  8, 28,  457
 10, 28,  457
 30, 28,  457
  2, 29,  457
 29, 29,  457
 31, 29,  457
  9, 30,  457
 24, 30,  457
  4, 31,  457
 11, 32,  457
 14, 32,  457
 15, 32,  457
 19, 32,  457
 22, 32,  457
 29, 32,  457
 14, 33,  457
 16, 33,  457
  4, 34,  457
 10, 34,  457
 13, 34,  457
 21, 34,  457
 24, 34,  457
 29, 34,  457
  6, 35,  457
 10, 35,  457
 14, 35,  457
 21, 35,  457
  7, 37,  457
 12, 39,  457
 19, 40,  457
 17, 11,  458
 18, 11,  458
 21, 11,  458
 25, 11,  458
 12, 12,  458
 14, 12,  458
  7, 13,  458
 14, 13,  458
 26, 13,  458
  7, 15,  458
 17, 15,  458
  6, 16,  458
 10, 16,  458
 14, 16,  458
 16, 16,  458
 31, 16,  458
  5, 17,  458
  7, 18,  458
  5, 19,  458
 15, 19,  458
 17, 19,  458
 31, 19,  458
 14, 20,  458
 16, 20,  458
 22, 20,  458
  3, 21,  458
  9, 21,  458
  3, 22,  458
 12, 22,  458
 13, 22,  458
 19, 22,  458
 24, 22,  458
  9, 23,  458
 20, 23,  458
 22, 23,  458
 29, 23,  458
 19, 24,  458
 22, 24,  458
 28, 24,  458
 11, 25,  458
  3, 26,  458
  7, 26,  458
  4, 28,  458
 12, 29,  458
 21, 29,  458
 24, 29,  458
 18, 30,  458
 19, 30,  458
 28, 30,  458
 13, 31,  458
  5, 32,  458
 17, 32,  458
 30, 32,  458
  4, 33,  458
  8, 33,  458
 25, 33,  458
 28, 33,  458
 15, 34,  458
 19, 34,  458
  4, 35,  458
 16, 35,  458
 20, 35,  458
 14, 36,  458
 15, 36,  458
 10, 37,  458
 18, 37,  458
 13, 39,  458
 14, 39,  458
 24, 10,  459
 16, 11,  459
 11, 12,  459
 15, 12,  459
 17, 12,  459
 19, 12,  459
  8, 13,  459
 10, 13,  459
 19, 13,  459
 21, 13,  459
 29, 13,  459
 30, 14,  459
  6, 15,  459
  8, 15,  459
 14, 15,  459
  4, 17,  459
 28, 17,  459
  6, 18,  459
 12, 19,  459
 13, 19,  459
  6, 21,  459
 21, 21,  459
 26, 21,  459
 20, 22,  459
  3, 23,  459
 11, 23,  459
  1, 24,  459
 11, 24,  459
 12, 24,  459
 13, 24,  459
 21, 24,  459
 24, 25,  459
 26, 25,  459
 22, 26,  459
 30, 26,  459
  9, 27,  459
 22, 27,  459
 30, 27,  459
  3, 28,  459
  5, 29,  459
  7, 29,  459
 10, 29,  459
 11, 29,  459
 13, 29,  459
 20, 29,  459
 22, 29,  459
 13, 30,  459
 21, 30,  459
 22, 30,  459
 30, 30,  459
 32, 30,  459
 14, 31,  459
 15, 31,  459
 18, 31,  459
 19, 31,  459
 29, 31,  459
 30, 31,  459
 31, 31,  459
 18, 32,  459
 21, 32,  459
 12, 33,  459
 31, 33,  459
  3, 34,  459
  6, 34,  459
 28, 34,  459
  8, 35,  459
 26, 35,  459
 27, 35,  459
 29, 35,  459
  5, 36,  459
 29, 36,  459
 12, 37,  459
 22, 37,  459
 18, 38,  459
 20, 38,  459
 22, 38,  459
 21, 39,  459
 16, 40,  459
 22, 40,  459
  9,  9,  460
 17,  9,  460
 12, 10,  460
 24, 11,  460
 27, 11,  460
  8, 12,  460
 27, 12,  460
  2, 14,  460
  6, 14,  460
 28, 14,  460
 29, 17,  460
  3, 19,  460
  2, 20,  460
 30, 20,  460
 31, 20,  460
  4, 21,  460
 14, 21,  460
 15, 21,  460
 16, 21,  460
 15, 22,  460
 16, 23,  460
 33, 24,  460
 13, 25,  460
 14, 25,  460
 21, 25,  460
 23, 25,  460
 25, 25,  460
 11, 26,  460
 13, 27,  460
 20, 27,  460
 19, 28,  460
 14, 29,  460
 32, 29,  460
 12, 30,  460
 15, 30,  460
 20, 30,  460
 16, 31,  460
  8, 32,  460
 12, 32,  460
  3, 35,  460
 26, 36,  460
 28, 36,  460
  6, 37,  460
 13, 37,  460
 16, 37,  460
 24, 37,  460
  7, 38,  460
 14, 38,  460
 19, 38,  460
 23, 39,  460
 15, 10,  461
 23, 10,  461
  8, 11,  461
 13, 11,  461
 16, 18,  461
  1, 19,  461
  3, 20,  461
 12, 21,  461
  2, 22,  461
 18, 22,  461
 31, 22,  461
 18, 23,  461
 20, 24,  461
 30, 24,  461
 32, 24,  461
 20, 25,  461
  4, 26,  461
 12, 26,  461
  2, 27,  461
 11, 27,  461
  2, 28,  461
 16, 28,  461
  4, 29,  461
 17, 31,  461
 32, 32,  461
 29, 33,  461
  6, 36,  461
 27, 36,  461
  8, 37,  461
 15, 37,  461
 27, 37,  461
 12, 38,  461
 13, 38,  461
 28, 38,  461
 15, 39,  461
 18, 39,  461
 21, 40,  461
 15,  9,  462
 18,  9,  462
 11, 10,  462
 16, 10,  462
 20, 10,  462
 26, 10,  462
 10, 11,  462
 11, 11,  462
 14, 11,  462
 19, 11,  462
 22, 11,  462
 23, 11,  462
  5, 12,  462
 28, 13,  462
  5, 14,  462
 30, 15,  462
 31, 17,  462
 30, 18,  462
 17, 21,  462
 18, 21,  462
 20, 21,  462
 32, 22,  462
 15, 23,  462
 31, 23,  462
 17, 25,  462
 30, 25,  462
  3, 27,  462
 15, 27,  462
 31, 27,  462
 13, 28,  462
 15, 28,  462
 17, 28,  462
 32, 28,  462
 16, 29,  462
 17, 29,  462
 14, 30,  462
 13, 32,  462
 31, 34,  462
 15, 35,  462
 16, 36,  462
 17, 36,  462
  4, 37,  462
  5, 37,  462
 25, 37,  462
 28, 37,  462
  8, 38,  462
 15, 38,  462
 16, 38,  462
 26, 38,  462
 27, 38,  462
  7, 39,  462
 10, 39,  462
 12, 40,  462
 17, 40,  462
 18, 10,  463
 22, 10,  463
  6, 12,  463
 26, 12,  463
 29, 12,  463
  6, 13,  463
  3, 14,  463
  4, 14,  463
 29, 14,  463
 29, 15,  463
 30, 17,  463
  4, 18,  463
  2, 19,  463
 32, 19,  463
 32, 20,  463
 14, 22,  463
 16, 22,  463
 17, 23,  463
 15, 25,  463
 31, 25,  463
 32, 25,  463
 13, 26,  463
 14, 26,  463
 15, 26,  463
 19, 26,  463
 14, 27,  463
 16, 27,  463
 32, 27,  463
 33, 27,  463
 11, 28,  463
 18, 28,  463
 33, 28,  463
 18, 29,  463
  3, 30,  463
 16, 30,  463
 31, 30,  463
  2, 31,  463
  3, 31,  463
  3, 32,  463
  4, 32,  463
 31, 32,  463
  3, 33,  463
  2, 34,  463
  2, 35,  463
  3, 36,  463
 30, 36,  463
  5, 38,  463
  9, 38,  463
 10, 38,  463
 16, 39,  463
 19, 39,  463
 20, 39,  463
 22, 39,  463
 26, 39,  463
 13, 40,  463
 10,  9,  464
 11,  9,  464
 20,  9,  464
 13, 10,  464
 19, 10,  464
 28, 10,  464
 15, 11,  464
 29, 11,  464
 30, 11,  464
  4, 15,  464
  3, 17,  464
 32, 17,  464
 32, 18,  464
  2, 21,  464
 31, 21,  464
 33, 21,  464
 17, 22,  464
 32, 23,  464
  1, 25,  464
  2, 25,  464
 32, 26,  464
 17, 27,  464
 21, 27,  464
 14, 28,  464
  3, 29,  464
 34, 31,  464
  2, 33,  464
 30, 33,  464
  2, 36,  464
  6, 38,  464
 23, 38,  464
  9, 39,  464
 11, 39,  464
 27, 39,  464
  8, 40,  464
 24, 40,  464
 18,  8,  465
 12,  9,  465
 16,  9,  465
 25,  9,  465
 21, 10,  465
 25, 10,  465
  7, 11,  465
 26, 11,  465
  4, 13,  465
  3, 15,  465
 32, 16,  465
  1, 17,  465
  2, 17,  465
  2, 18,  465
 21, 22,  465
  1, 23,  465
 14, 23,  465
 10, 24,  465
 18, 24,  465
 31, 24,  465
 33, 25,  465
 18, 26,  465
  1, 27,  465
 12, 27,  465
 18, 27,  465
 19, 27,  465
 20, 28,  465
 15, 29,  465
  2, 30,  465
  1, 33,  465
 32, 33,  465
 32, 34,  465
 29, 38,  465
  8, 39,  465
 25, 39,  465
 28, 39,  465
 11, 40,  465
 15, 40,  465
 18, 40,  465
 20, 40,  465
 14,  9,  466
 21,  9,  466
 22,  9,  466
 23,  9,  466
 14, 10,  466
 32, 15,  466
  3, 16,  466
 34, 16,  466
  1, 21,  466
 34, 22,  466
 14, 24,  466
 15, 24,  466
 17, 24,  466
 20, 26,  466
 33, 26,  466
  1, 31,  466
 32, 31,  466
 29, 37,  466
 21, 38,  466
 24, 39,  466
  9, 40,  466
 20,  8,  467
  8,  9,  467
 19,  9,  467
 10, 10,  467
  7, 12,  467
  3, 13,  467
  5, 13,  467
 31, 14,  467
 31, 15,  467
 19, 25,  467
  1, 28,  467
 33, 29,  467
 33, 31,  467
 30, 34,  467
 33, 34,  467
 30, 35,  467
  3, 37,  467
 30, 38,  467
  6, 39,  467
  7, 40,  467
  9,  8,  468
 10,  8,  468
 13,  9,  468
 27,  9,  468
  7, 10,  468
 17, 10,  468
 27, 10,  468
 28, 11,  468
  4, 12,  468
  2, 15,  468
  2, 16,  468
 33, 17,  468
  1, 18,  468
 33, 19,  468
 33, 20,  468
 16, 24,  468
 18, 25,  468
 17, 26,  468
 34, 28,  468
  1, 29,  468
 19, 29,  468
  1, 30,  468
  2, 32,  468
  4, 36,  468
  4, 38,  468
  3, 39,  468
  5, 39,  468
 30, 39,  468
 23, 40,  468
 25, 40,  468
 27, 40,  468
 19,  7,  469
 22,  7,  469
 17,  8,  469
 21,  8,  469
 23,  8,  469
  9, 10,  469
  5, 11,  469
  6, 11,  469
 28, 12,  469
 31, 13,  469
  1, 20,  469
 34, 25,  469
  1, 26,  469
  1, 32,  469
 33, 32,  469
 34, 32,  469
 31, 35,  469
 32, 35,  469
 30, 37,  469
  5, 40,  469
 14, 40,  469
 16,  8,  470
 22,  8,  470
  7,  9,  470
 24,  9,  470
  4, 10,  470
  8, 10,  470
 30, 12,  470
  1, 15,  470
 33, 18,  470
 33, 22,  470
 19, 23,  470
 34, 23,  470
 34, 24,  470
 16, 25,  470
 35, 28,  470
 33, 33,  470
  1, 34,  470
  1, 35,  470
 31, 36,  470
 26, 40,  470
 28, 40,  470
 29, 40,  470
  7,  8,  471
 12,  8,  471
 13,  8,  471
 30, 10,  471
  4, 11,  471
 30, 13,  471
 34, 15,  471
 34, 18,  471
 33, 23,  471
 34, 26,  471
 34, 29,  471
 31, 37,  471
 29, 39,  471
 30, 40,  471
 14,  8,  472
 15,  8,  472
 19,  8,  472
  6,  9,  472
 29,  9,  472
  5, 10,  472
 33, 16,  472
  1, 22,  472
 16, 26,  472
 33, 30,  472
 36, 30,  472
  1, 36,  472
 31, 38,  472
  6,  8,  473
 25,  8,  473
 29, 10,  473
  3, 12,  473
 31, 12,  473
 32, 13,  473
  1, 14,  473
 33, 14,  473
 33, 15,  473
 34, 19,  473
 33, 36,  473
 32, 37,  473
  2, 38,  473
  6, 40,  473
 14,  6,  474
 24,  8,  474
 26,  8,  474
 26,  9,  474
  3, 11,  474
  2, 13,  474
 32, 14,  474
 34, 20,  474
 34, 21,  474
 34, 27,  474
 12,  7,  475
 15,  7,  475
 18,  7,  475
 24,  7,  475
 28,  9,  475
  1, 13,  475
 34, 17,  475
 35, 27,  475
 35, 29,  475
 35, 33,  475
 33, 35,  475
  3, 38,  475
 10,  6,  476
 13,  6,  476
  9,  7,  476
 14,  7,  476
  8,  8,  476
 11,  8,  476
  5,  9,  476
  6, 10,  476
 33, 12,  476
  1, 16,  476
 35, 23,  476
 35, 24,  476
 35, 25,  476
 34, 33,  476
  1, 37,  476
  1, 38,  476
 31, 39,  476
  4, 40,  476
 17,  7,  477
 27,  8,  477
 32, 12,  477
 35, 19,  477
 36, 27,  477
 35, 30,  477
 34, 36,  477
  1, 39,  477
 11,  6,  478
 30,  9,  478
 31, 11,  478
 35, 20,  478
 34, 30,  478
 34, 34,  478
 34, 35,  478
 32, 38,  478
 10, 40,  478
 32, 40,  478
 15,  6,  479
 20,  6,  479
 26,  6,  479
  8,  7,  479
 16,  7,  479
 25,  7,  479
 26,  7,  479
  2, 12,  479
 36, 17,  479
 36, 20,  479
 35, 31,  479
 35, 32,  479
  2, 37,  479
 16,  6,  480
  7,  7,  480
 10,  7,  480
 35, 14,  480
 35, 22,  480
 36, 26,  480
 37, 26,  480
 35, 35,  480
 32, 36,  480
 35, 36,  480
  2, 39,  480
 32, 39,  480
  3, 40,  480
 12,  6,  481
 20,  7,  481
  4,  9,  481
  3, 10,  481
 35, 17,  481
 36, 18,  481
 35, 21,  481
 36, 21,  481
 37, 21,  481
 36, 22,  481
 35, 34,  481
 33, 37,  481
  4, 39,  481
 16,  5,  482
 17,  6,  482
 21,  6,  482
 22,  6,  482
 11,  7,  482
 21,  7,  482
  5,  8,  482
  2, 11,  482
  1, 12,  482
 33, 13,  482
 34, 13,  482
 36, 24,  482
 36, 31,  482
  9,  6,  483
 18,  6,  483
 23,  6,  483
 13,  7,  483
 28,  8,  483
 31, 10,  483
 32, 10,  483
 32, 11,  483
 35, 18,  483
 37, 27,  483
 36, 28,  483
 36, 34,  483
 18,  5,  484
 21,  5,  484
 24,  6,  484
 23,  7,  484
 30,  8,  484
 35, 37,  484
 33, 39,  484
 24,  5,  485
  8,  6,  485
 25,  6,  485
 36, 15,  485
 36, 25,  485
 35, 26,  485
 36, 33,  485
 33, 38,  485
 23,  4,  486
 19,  6,  486
  6,  7,  486
 31,  9,  486
 36, 23,  486
 12,  5,  487
  2,  9,  487
  1, 11,  487
 34, 14,  487
 35, 15,  487
 36, 29,  487
 34, 38,  487
  1, 40,  487
  2, 40,  487
 20,  4,  488
  5,  7,  488
  3,  9,  488
  2, 10,  488
 16,  4,  489
 15,  5,  489
 19,  5,  489
 37, 29,  489
 36, 32,  489
 11,  5,  490
 13,  5,  490
 14,  5,  490
 25,  5,  490
  4,  8,  490
 35, 16,  490
 36, 16,  490
 36, 19,  490
 38, 19,  490
 37, 22,  490
 37, 25,  490
 37, 28,  490
 37, 35,  490
 34, 37,  490
 34, 39,  490
  8,  5,  491
 29,  7,  491
  3,  8,  491
  1,  9,  491
 37, 20,  491
 37, 24,  491
 35, 38,  491
 17,  5,  492
 20,  5,  492
 22,  5,  492
  6,  6,  492
 29,  8,  492
 32,  8,  492
 34, 12,  492
 37, 31,  492
 36, 35,  492
 31, 40,  492
 28,  6,  493
 27,  7,  493
 30,  7,  493
 33, 11,  493
 37, 30,  493
 36, 36,  493
 21,  4,  494
 10,  5,  494
  4,  7,  494
  1, 10,  494
 34, 11,  494
 38, 25,  494
 37, 34,  494
 32,  7,  495
 37, 17,  495
 38, 21,  495
 34, 40,  495
 17,  4,  496
  5,  6,  496
 38, 31,  496
 33, 40,  496
 13,  4,  497
 19,  4,  497
  7,  6,  497
 31,  8,  497
 37, 32,  497
 37, 33,  497
 10,  4,  498
 26,  5,  498
  1,  8,  498
 36, 13,  498
 37, 16,  498
 37, 23,  498
 18,  4,  499
  6,  5,  499
  9,  5,  499
 28,  7,  499
 33, 10,  499
 36, 12,  499
 20,  3,  500
 22,  4,  500
 27,  6,  500
 29,  6,  500
  2,  8,  500
 32,  9,  500
 35, 13,  500
 38, 24,  500
 38, 27,  500
  8,  4,  501
 23,  5,  501
 33,  9,  501
 38, 17,  501
 36, 37,  501
  2,  7,  502
 31,  7,  502
 36, 14,  502
 37, 19,  502
 39, 26,  502
 38, 29,  502
 37, 37,  502
 17,  3,  503
 15,  4,  503
 33,  8,  503
 35, 11,  503
 35, 12,  503
 38, 16,  503
 37, 18,  503
 36, 38,  503
 11,  4,  504
  7,  5,  504
 30,  6,  504
 32,  6,  504
  3,  7,  504
 39, 28,  504
 38, 32,  504
 36, 40,  504
 16,  3,  505
 14,  4,  505
 26,  4,  505
 27,  5,  505
 34, 10,  505
 38, 28,  505
 38, 30,  505
 38, 33,  505
 38, 35,  505
 35, 39,  505
 19,  3,  506
 24,  4,  506
  5,  5,  506
 39, 21,  506
 38, 26,  506
 15,  3,  507
  9,  4,  507
 12,  4,  507
  4,  6,  507
 37, 15,  507
 38, 18,  508
 38, 22,  508
 35, 40,  508
  6,  4,  509
 35, 10,  509
 38, 15,  509
 38, 23,  509
 39, 29,  509
 37, 36,  509
 28,  5,  510
 34,  9,  510
 37, 14,  510
 39, 32,  510
  7,  4,  511
  1,  7,  511
 36, 11,  511
 39, 27,  511
 38, 34,  511
 23,  3,  512
  2,  6,  512
 34,  8,  512
 25,  3,  513
 12,  3,  514
  5,  4,  514
 29,  5,  514
 36, 10,  514
 39, 24,  514
 39, 25,  514
 39, 30,  514
  9,  3,  515
 26,  3,  515
 27,  4,  515
 39, 23,  515
 39, 35,  515
 11,  3,  516
  3,  6,  516
 36, 39,  516
  8,  3,  517
  4,  5,  517
 39, 20,  517
 21,  3,  518
 37, 12,  518
 38, 20,  518
 10,  3,  519
 22,  3,  519
 13,  3,  520
 24,  3,  520
 37, 13,  520
 31,  6,  521
 33,  7,  521
 37, 10,  521
 39, 22,  521
 40, 25,  521
  2,  5,  522
 30,  5,  522
 38, 14,  522
 39, 18,  522
 39, 34,  522
 13,  2,  523
 20,  2,  523
 27,  3,  523
 25,  4,  523
  1,  6,  523
 35,  9,  523
  6,  3,  524
 29,  4,  524
 39, 31,  524
 14,  3,  526
 31,  5,  526
 38, 12,  526
 38, 36,  526
 37, 39,  526
 36,  9,  527
 37, 11,  527
 38, 13,  527
 39, 19,  527
 40, 31,  527
 37, 38,  527
 12,  2,  528
 14,  2,  528
 40, 24,  528
 28,  4,  529
  3,  5,  529
 40, 33,  529
 39, 37,  529
 17,  2,  530
  7,  3,  530
 35,  8,  530
 40, 32,  530
 40, 35,  530
 22,  2,  531
 30,  4,  532
 34,  7,  532
 39, 15,  532
  6,  2,  533
 15,  2,  533
 24,  2,  533
 18,  3,  533
 32,  5,  533
 40, 21,  533
 39, 33,  533
 38, 38,  533
 10,  2,  534
 16,  2,  534
 19,  2,  534
 39, 16,  534
 38, 37,  534
  3,  4,  535
  4,  4,  535
 40, 28,  536
 23,  2,  537
 28,  3,  537
 33,  6,  537
 39, 17,  537
 29,  3,  538
 39, 13,  539
 40, 19,  539
 39, 14,  540
 40, 34,  540
 11,  2,  541
 21,  2,  542
 35,  6,  542
 40, 20,  545
 37, 40,  545
 40, 26,  546
  4,  3,  547
 40, 16,  547
 40, 22,  547
 40, 27,  549
  9,  2,  550
 40, 23,  550
  5,  3,  551
 38, 11,  551
  5,  2,  553
 18,  2,  554
 29,  2,  554
 40, 29,  554
 40, 36,  555
 18,  1,  556
 30,  3,  557
 33,  5,  557
  1,  5,  558
 20,  1,  560
 15,  1,  561
 26,  2,  561
 34,  5,  561
 37,  9,  561
 35,  7,  562
 40, 14,  562
 39, 36,  564
 40, 17,  565
 39, 11,  569
 16,  1,  573
  1,  4,  574
 40, 13,  574
 40, 18,  574
 36,  8,  576
 39, 12,  576
 36,  7,  680
 25,  1,  685
 34,  6,  686
 28,  2,  687
 40, 30,  689
 22,  1,  691
 14,  1,  692
  7,  2,  692
 27,  2,  692
 23,  1,  696
 25,  2,  696
 39, 38,  696
 13,  1,  697
 40, 37,  697
 38, 39,  697
 38, 40,  697
  2,  3,  698
  8,  1,  699
 32,  4,  699
 17,  1,  700
 31,  4,  700
 40, 38,  700
 37,  8,  702
 19,  1,  703
 37,  7,  703
 10,  1,  704
 26,  1,  704
 40, 12,  704
 11,  1,  705
  8,  2,  705
  2,  4,  705
 40, 11,  705
 21,  1,  706
 36,  6,  707
 39, 39,  707
  3,  3,  709
 31,  3,  710
 38,  9,  711
 12,  1,  712
 24,  1,  712
 40, 15,  712
 38, 10,  714
 35,  5,  715
 38,  8,  715
  7,  1,  716
 32,  3,  719
 29,  1,  720
  9,  1,  721
 39,  9,  722
 27,  1,  723
 30,  2,  723
 33,  3,  723
 39, 40,  723
 34,  4,  724
 39,  8,  724
  6,  1,  725
 39, 10,  725
  4,  2,  727
 33,  4,  727
 40, 10,  727
 30,  1,  728
 36,  5,  728
  1,  3,  729
 28,  1,  730
 31,  2,  730
 37,  5,  731
 38,  7,  731
  3,  2,  732
 35,  3,  733
 35,  4,  733
 39,  7,  735
  4,  1,  738
 34,  2,  738
  5,  1,  739
 34,  3,  740
 37,  6,  740
 32,  2,  743
 36,  3,  745
 38,  6,  745
 31,  1,  746
 32,  1,  746
 40, 39,  749
  1,  2,  750
 37,  4,  750
 33,  2,  751
 38,  5,  751
 40,  7,  752
  2,  1,  755
 36,  4,  755
  2,  2,  758
 39,  6,  758
 36,  2,  760
 37,  3,  761
 40,  8,  762
 40,  9,  762
  3,  1,  767
 33,  1,  769
 34,  1,  772
 35,  2,  773
 40,  6,  783
 39,  5,  790
 38,  4,  791
 35,  1,  795
 37,  2,  797
 39,  4,  803
 39,  2,  805
 40,  5,  806
 40,  4,  810
 38,  3,  812
 39,  3,  815
 38,  2,  830
 36,  1,  854
 40, 40,  868
 37,  1,  886
 38,  1,  907
 40,  2,  917
  1,  1,  920
 40,  3,  926
 39,  1,  934
 40,  1,  944
