 7,12, 1,15,5
 14, 14,  458
 11, 15,  458
 13, 14,  459
 14, 12,  460
 15, 12,  460
  9, 15,  460
 10, 15,  460
 14, 15,  460
 11, 16,  460
 12, 17,  460
 10, 12,  461
 12, 12,  461
 13, 12,  461
 10, 13,  461
  9, 14,  461
 11, 14,  461
 15, 14,  461
  9, 16,  461
 15, 16,  461
 11, 17,  461
 11, 10,  462
 12, 10,  462
  9, 13,  462
 13, 13,  462
 10, 14,  462
 12, 14,  462
  7, 15,  462
 12, 15,  462
 13, 15,  462
  8, 16,  462
 14, 17,  462
 14, 19,  462
 12,  9,  463
 14, 11,  463
 15, 13,  463
 10, 17,  463
 13, 17,  463
  7, 18,  463
  8, 11,  464
 16, 11,  464
  7, 12,  464
  9, 12,  464
 11, 12,  464
 11, 13,  464
 14, 13,  464
  8, 14,  464
 12, 16,  464
 13, 16,  464
 12, 18,  464
 13, 18,  464
 14, 18,  464
 13,  9,  465
  8, 10,  465
  9, 10,  465
 11, 11,  465
 13, 11,  465
  7, 14,  465
  7, 16,  465
 15, 17,  465
 10, 19,  465
 12, 20,  465
 11,  8,  466
 10,  9,  466
  7, 10,  466
  9, 11,  466
 15, 15,  466
 10, 16,  466
 17, 16,  466
 12, 19,  466
 13, 19,  466
 11, 20,  466
 15,  9,  467
 14, 10,  467
 15, 10,  467
  7, 11,  467
  7, 13,  467
  8, 13,  467
 12, 13,  467
 17, 13,  467
 16, 14,  467
 16, 15,  467
 14, 16,  467
  9, 17,  467
  9, 18,  467
 11, 18,  467
 15, 18,  467
 16, 19,  467
 11,  7,  468
 12,  7,  468
  9,  8,  468
 13, 10,  468
 12, 11,  468
 15, 11,  468
  8, 12,  468
 16, 12,  468
 13, 20,  468
 13,  7,  469
 10,  8,  469
 13,  8,  469
  7,  9,  469
 11,  9,  469
 10, 11,  469
  6, 15,  469
  8, 15,  469
 17, 15,  469
  6, 16,  469
 16, 16,  469
  7, 17,  469
  8, 17,  469
 16, 18,  469
 12,  8,  470
 15,  8,  470
 18, 13,  470
 17, 14,  470
 16, 17,  470
 17, 17,  470
  8, 20,  470
 16, 10,  471
  6, 13,  471
  6, 14,  471
  5, 15,  471
 10, 18,  471
  9, 19,  471
  9, 20,  471
 14, 20,  471
 15, 20,  471
  9,  7,  472
  8,  9,  472
 17,  9,  472
 10, 10,  472
 17, 10,  472
  6, 11,  472
 16, 13,  472
 18, 15,  472
 16, 20,  472
  9, 21,  472
 11, 21,  472
 11,  6,  473
 14,  9,  473
 17, 12,  473
  5, 16,  473
  6, 17,  473
  7, 19,  473
  8, 19,  473
 10, 20,  473
 12, 21,  473
 15, 21,  473
 12, 22,  473
 12, 23,  473
  5, 17,  474
  8, 18,  474
 15, 19,  474
 10, 21,  474
 14, 21,  474
  9, 22,  474
  8,  6,  475
  9,  6,  475
 10,  7,  475
 14,  8,  475
 17,  8,  475
 16,  9,  475
 18, 11,  475
  5, 13,  475
 18, 14,  475
 20, 14,  475
 18, 16,  475
 18, 17,  475
 11, 19,  475
 17, 19,  475
 18, 19,  475
 14,  5,  476
 14,  7,  476
 15,  7,  476
  8,  8,  476
  9,  9,  476
  5, 14,  476
  6, 18,  476
 16, 21,  476
 10,  6,  477
 16,  7,  477
 18,  9,  477
 19, 10,  477
  5, 12,  477
  6, 12,  477
 18, 12,  477
 19, 15,  477
 13, 22,  477
 13,  6,  478
 16,  8,  478
  4, 14,  478
 17, 18,  478
 19, 19,  478
 17, 20,  478
  6, 22,  478
 14, 22,  478
 10, 23,  478
 14, 23,  478
  9,  5,  479
 13,  5,  479
 15,  6,  479
  5,  8,  479
  5,  9,  479
 19, 13,  479
 19, 16,  479
  5, 19,  479
 13, 21,  479
 11,  4,  480
 11,  5,  480
  8,  7,  480
  6,  9,  480
 18, 10,  480
 17, 11,  480
 19, 14,  480
 20, 16,  480
  5, 18,  480
 11, 23,  480
 14,  4,  481
 16,  6,  481
  7,  8,  481
  6, 10,  481
 20, 13,  481
  6, 20,  481
  8, 22,  481
 18, 22,  481
 10,  5,  482
 12,  6,  482
 17,  6,  482
 19,  9,  482
  5, 10,  482
 19, 18,  482
  6, 19,  482
  7, 20,  482
  7, 21,  482
  8, 21,  482
 18, 21,  482
 16, 22,  482
 17, 22,  482
 13, 23,  482
 15, 23,  482
 14, 24,  482
 11, 25,  482
 15,  5,  483
 14,  6,  483
  5, 11,  483
 18, 18,  483
  6, 21,  483
 17, 21,  483
 19, 21,  483
  7, 22,  483
  8,  4,  484
  8,  5,  484
  7,  6,  484
 19,  6,  484
  5,  7,  484
  6,  8,  484
 20, 11,  484
  4, 12,  484
 19, 12,  484
  4, 15,  484
  4, 16,  484
 19, 17,  484
 11, 22,  484
 15, 22,  484
  7, 23,  484
  9, 23,  484
  7,  7,  485
 19,  7,  485
 18, 20,  485
  5, 21,  485
 12, 24,  485
 10,  4,  486
 17,  5,  486
  6,  7,  486
  4, 11,  486
 19, 11,  486
  4, 13,  486
 20, 17,  486
 10, 22,  486
 10, 24,  486
 11, 24,  486
  7,  4,  487
  9,  4,  487
 12,  4,  487
 18,  8,  487
 21, 13,  487
  4, 19,  487
 16, 23,  487
 15, 24,  487
 12,  2,  488
 13,  3,  488
 12,  5,  488
 18,  7,  488
  8, 23,  488
 13, 24,  488
 12, 25,  488
 13, 25,  488
 10,  3,  489
 11,  3,  489
 17,  7,  489
 20, 10,  489
 20, 19,  489
 19, 23,  489
  8, 24,  489
  9, 24,  489
 10,  2,  490
 15,  4,  490
 19,  8,  490
  3, 12,  490
 20, 12,  490
 20, 15,  490
 21, 16,  490
 21, 18,  490
 16, 24,  490
 14,  3,  491
  7,  5,  491
 18,  6,  491
  4,  8,  491
  4, 10,  491
  3, 14,  491
  2, 16,  491
 21, 19,  491
 20, 20,  491
 18, 23,  491
 14, 25,  491
 10, 26,  491
 12,  3,  492
 16,  5,  492
  6,  6,  492
  3, 13,  492
 21, 17,  492
  5, 20,  492
 19, 20,  492
 10, 25,  492
 15,  3,  493
  3,  8,  493
  3,  9,  493
  3, 15,  493
  4, 17,  493
 20, 18,  493
 19, 22,  493
 12, 26,  493
  9,  3,  494
 13,  4,  494
  4,  9,  494
  3, 11,  494
 21, 15,  494
  3, 16,  494
  4, 21,  494
 17, 23,  494
 17, 24,  494
 15, 25,  494
 16,  4,  495
 20,  8,  495
 20,  9,  495
  2, 11,  495
 21, 12,  495
 21, 14,  495
 22, 14,  495
  2, 18,  495
 17,  4,  496
  6,  5,  496
  4,  7,  496
 21, 10,  496
  4, 20,  496
  5, 22,  496
  7, 24,  496
 14, 26,  496
 10,  1,  497
 17,  3,  497
 18,  5,  497
  2, 12,  497
 22, 18,  497
  3, 19,  497
 20, 21,  497
 20, 22,  497
  9,  2,  498
 13,  2,  498
  2, 10,  498
 22, 15,  498
  3, 18,  498
 15,  1,  499
 16,  3,  499
  4,  5,  499
 20,  7,  499
  1, 17,  499
  4, 18,  499
 18, 24,  499
 14,  2,  500
 15,  2,  500
  5,  6,  500
  3, 10,  500
  3, 20,  500
  4, 22,  500
  8,  2,  501
 16,  2,  501
  8,  3,  501
  1, 10,  501
 22, 12,  501
  3, 17,  501
  1, 18,  501
 22, 19,  501
 20, 23,  501
  8, 25,  501
 14, 27,  501
  7,  3,  502
 20,  6,  502
 22, 10,  502
 22, 11,  502
 22, 16,  502
 21, 20,  502
  6, 23,  502
  6, 24,  502
  6, 25,  502
  7, 25,  502
  9, 25,  502
 16, 25,  502
 13, 27,  502
 15, 27,  502
  5,  2,  503
 19,  5,  503
  4,  6,  503
 21,  7,  503
 21,  9,  503
 22,  9,  503
  2, 15,  503
 22, 20,  503
 17, 25,  503
 12,  1,  504
 11,  2,  504
  3,  6,  504
 21,  8,  504
  2,  9,  504
  2, 21,  504
  3, 21,  504
  5, 23,  504
 19, 24,  504
 11, 26,  504
 13, 26,  504
 18,  3,  505
  3,  7,  505
 21, 11,  505
  2, 13,  505
 23, 14,  505
 21, 21,  505
 10, 27,  505
 12, 27,  505
  8,  1,  506
  9,  1,  506
  6,  4,  506
 18,  4,  506
 19,  4,  506
 23, 15,  506
 22, 17,  506
 23, 17,  506
  8, 26,  506
 15, 26,  506
 16, 26,  506
 22, 13,  507
 23, 13,  507
  1, 14,  507
 23, 19,  507
  3, 22,  507
  6,  3,  508
  2,  8,  508
  2, 14,  508
  2, 19,  508
  9, 26,  508
 14,  1,  509
  7,  2,  509
 20,  5,  509
 23, 11,  509
  7, 26,  509
  6,  2,  510
 23,  8,  510
  1, 13,  510
  2, 20,  510
  4, 23,  510
 18, 25,  510
 18, 26,  510
  5,  4,  511
  2,  7,  511
 23,  9,  511
  1, 15,  511
 23, 20,  511
 17, 26,  511
 16,  1,  512
 23, 10,  512
 22, 21,  512
  4, 24,  512
 11, 27,  512
 16, 27,  512
 11,  1,  513
 21,  6,  513
 20,  4,  514
 21, 22,  514
  5, 24,  514
  5, 25,  514
 19, 25,  514
 17,  2,  515
  3,  5,  515
  5,  5,  515
  2, 17,  515
 21, 23,  515
 20, 24,  515
 10, 28,  515
  7,  1,  516
 24, 16,  516
  8, 27,  516
 17, 27,  516
 18,  1,  517
 21,  4,  517
 24, 14,  518
 20, 25,  519
 13,  1,  520
 23, 12,  520
  3, 23,  520
  9, 27,  520
 24, 12,  521
  1, 16,  521
 23, 16,  521
 23, 21,  521
 21, 24,  521
 19, 26,  521
 15, 28,  521
 16, 28,  521
  1, 12,  522
 22, 22,  522
 18, 27,  522
  1,  8,  523
  1,  9,  523
 21, 25,  523
  5,  3,  524
  1,  7,  524
 25, 12,  524
 24, 17,  524
  9, 28,  524
 13, 28,  524
 21,  5,  525
 24, 19,  525
 22, 24,  525
 12, 28,  525
  4,  4,  526
 22,  8,  526
  1, 11,  526
 22, 23,  526
 14, 28,  526
 18,  2,  527
 19,  3,  527
 22,  6,  527
 22,  7,  527
 23, 18,  527
  6, 26,  527
 20, 26,  527
 20,  3,  528
 23,  7,  528
  1, 20,  528
  8, 28,  528
 17, 28,  528
 14, 29,  528
 19,  2,  529
  1, 19,  529
 12, 29,  529
 13, 29,  529
 23,  6,  530
  7, 27,  530
 25, 15,  531
  5, 26,  531
 11, 28,  531
  2,  5,  532
  6, 27,  532
 21, 26,  533
 16, 29,  533
 14, 30,  533
 23, 23,  534
  3, 24,  534
 22, 25,  534
 24, 10,  535
 24, 15,  535
 22,  5,  536
 17,  1,  538
 24, 20,  538
  4, 26,  538
 15, 29,  538
  4,  3,  539
  1, 22,  539
 17, 29,  539
 20,  2,  540
  2,  6,  540
 24,  8,  540
  4, 25,  541
  6,  1,  542
 25, 19,  542
 19, 27,  542
 24,  9,  543
 24, 13,  543
  1, 21,  545
 21,  3,  546
  2, 23,  546
 19, 29,  546
  1,  6,  547
  2, 22,  547
  4,  2,  548
 20, 27,  549
  3,  4,  550
 11, 29,  550
  3,  3,  551
  5,  1,  552
 25, 13,  552
  3, 25,  552
 18, 29,  552
 19,  1,  553
 23, 22,  553
  5, 27,  553
  3,  2,  554
 25, 18,  554
  2, 24,  555
 19, 28,  555
 25, 14,  556
 25, 17,  556
  8, 29,  557
 22,  4,  559
 25, 11,  559
 24, 18,  559
 18, 28,  559
 21, 27,  562
 24, 21,  563
  7, 28,  564
 13, 30,  565
 23,  5,  567
 25, 20,  568
  4, 27,  568
 24, 11,  569
 25, 16,  569
 24, 22,  570
 23, 24,  570
  9, 29,  578
  1,  5,  584
 26, 16,  672
 25, 10,  679
  3, 26,  688
 25, 21,  690
 24,  6,  691
 25,  9,  692
 23,  4,  693
 20,  1,  695
 26, 13,  696
  6, 28,  696
 10, 29,  697
 24,  4,  699
 25,  8,  700
  2,  3,  701
 24,  7,  701
 25,  7,  701
 26, 14,  701
  6, 29,  701
 26, 18,  703
 27, 13,  704
 20, 28,  705
 22, 26,  706
  9, 30,  707
  2,  4,  708
 10, 30,  708
  1, 24,  709
 14, 31,  710
 21,  2,  711
 26, 15,  711
 26, 17,  711
 26, 21,  711
 24, 23,  712
 24,  5,  713
 26, 12,  713
 23, 25,  713
 22, 27,  713
 21,  1,  714
  1,  4,  714
 16, 30,  714
 15, 30,  715
 11, 31,  715
 22,  3,  716
  2, 26,  716
  1,  3,  717
 12, 30,  717
  7, 29,  718
 20, 29,  718
 23,  3,  719
 26, 10,  719
  5, 28,  720
 11, 30,  720
 26, 11,  721
  3, 27,  721
 26, 20,  722
  2, 25,  722
 17, 30,  722
 18, 30,  722
 12, 31,  722
 26,  8,  723
 27, 14,  723
 25, 23,  723
  8, 30,  723
 25,  6,  724
 27, 11,  724
 27, 12,  724
 23, 26,  724
 22,  2,  726
 28, 13,  726
 25, 22,  726
  1, 23,  726
  4, 28,  726
 27, 18,  727
 25, 25,  728
  4, 29,  728
 26,  9,  729
 27, 10,  729
 26, 19,  729
 26, 22,  729
  1, 25,  729
  9, 31,  729
 10, 31,  729
  2,  1,  730
  1,  2,  730
 27, 17,  730
 27, 19,  730
 16, 32,  731
 25, 24,  732
 24, 25,  732
  6, 30,  732
  8, 31,  732
 24, 24,  733
 19, 30,  733
 13, 31,  733
 15, 31,  733
 16, 31,  733
 26,  7,  734
 27, 15,  734
  5, 29,  734
  4,  1,  735
 27, 16,  735
 21, 29,  735
 11, 32,  735
 13, 32,  735
 23,  2,  736
 23, 27,  736
 22, 28,  736
 23, 28,  736
 27, 22,  737
 22, 29,  737
  7, 30,  737
 19, 31,  737
 27,  9,  738
 27, 20,  738
  2, 27,  738
  2,  2,  739
 27, 23,  739
 24, 26,  739
  7, 31,  739
 12, 32,  739
 13, 33,  740
 24,  3,  741
 28, 11,  741
 28, 12,  741
 24, 27,  741
  2, 28,  741
 20, 30,  741
 15, 32,  741
  3,  1,  742
 24,  2,  742
 21, 28,  742
 25,  5,  743
 28, 14,  743
 28, 20,  743
 26, 23,  743
 23,  1,  744
 17, 31,  744
 26,  6,  745
 27,  7,  745
 28, 18,  745
  8, 32,  745
 14, 32,  745
 29, 15,  746
  3, 28,  746
 28, 19,  747
  2, 29,  747
  4, 30,  747
 28,  9,  748
 28, 16,  748
 27, 21,  748
 26, 25,  748
 18, 31,  748
 26,  4,  749
 28, 10,  749
 28, 15,  749
 26, 26,  749
  5, 31,  749
  9, 32,  749
 25,  4,  750
 29, 16,  750
 27, 24,  750
  1, 26,  750
 21, 30,  750
 22,  1,  751
 29, 11,  751
  5, 30,  751
  6, 31,  751
 28, 17,  752
 29, 17,  752
 28,  8,  753
 26, 24,  753
  1, 27,  753
  7, 32,  753
 10, 32,  753
 19, 32,  753
 11, 33,  753
  6, 32,  754
 18, 32,  754
 28,  7,  755
 12, 33,  755
 17, 33,  755
 26,  5,  756
 27,  8,  756
 28, 21,  756
 20, 32,  757
 14, 33,  757
 27,  6,  758
 29, 10,  758
 28, 22,  758
 25, 26,  758
 23, 30,  758
 10, 34,  758
 27,  5,  759
 20, 31,  760
 15, 33,  761
 25,  2,  762
 12, 34,  762
  3, 29,  763
 17, 32,  763
 18, 33,  763
 29, 14,  764
 29, 18,  764
 30, 20,  764
 26,  3,  765
 30, 16,  765
 25, 27,  765
 24, 29,  765
  3, 30,  765
  9, 33,  765
 28, 23,  766
 22, 30,  766
 13, 34,  766
 25, 28,  767
 16, 33,  767
 25,  3,  768
 29, 19,  768
 24, 28,  768
  4, 31,  768
 15, 34,  768
 27,  4,  770
 30, 15,  770
 19, 33,  770
 25,  1,  772
 29,  8,  772
  8, 33,  772
 29, 12,  773
 29, 21,  773
  1, 28,  773
  1, 29,  773
 10, 33,  773
 30, 12,  774
 30, 17,  774
 26, 27,  774
 12, 35,  774
 30, 19,  775
 29, 20,  775
  4, 32,  775
 30,  9,  776
 30, 13,  776
 25, 29,  776
 24, 30,  776
  5, 32,  776
  9, 34,  776
 13, 35,  776
 24,  1,  777
 30, 18,  777
 27, 26,  777
 21, 32,  777
 11, 34,  777
 28,  6,  778
 30, 14,  779
 22, 31,  779
  6, 33,  779
 20, 33,  779
 23, 29,  780
  2, 30,  780
 17, 34,  780
 31, 18,  781
 28, 25,  781
 21, 31,  781
 28,  5,  782
  8, 34,  782
 14, 34,  782
 29, 13,  783
 29,  7,  784
 29,  9,  784
 29, 24,  784
 26, 29,  784
  3, 31,  784
 26,  1,  785
 29, 22,  785
 17, 35,  786
 26,  2,  787
 30, 10,  787
 28, 24,  787
 16, 34,  787
 27,  3,  788
 22, 32,  789
 27, 25,  790
  7, 33,  790
 30, 11,  793
 22, 33,  793
  9, 35,  793
 29, 23,  794
 23, 31,  795
 29,  6,  796
 18, 34,  796
 10, 35,  796
 19, 34,  797
 20, 34,  797
 21, 33,  800
 14, 35,  800
 30,  7,  801
  7, 34,  801
 25, 30,  802
 26, 28,  803
 11, 35,  803
 16, 35,  803
 23, 32,  806
 16, 36,  806
 30, 22,  808
 31, 14,  809
  5, 33,  809
 30,  8,  810
 29, 25,  810
 31, 12,  811
 32, 15,  811
 27, 28,  811
 30, 21,  812
  1, 30,  812
 15, 35,  812
 19, 35,  812
 28,  4,  815
 27, 27,  815
 28, 26,  816
 24, 31,  816
 23, 33,  816
 31,  9,  819
 31, 16,  821
 11, 36,  821
  8, 35,  822
 15, 36,  822
 30, 23,  823
 17, 36,  823
 32, 12,  824
 31, 17,  825
 31, 10,  826
 28, 28,  829
 32, 17,  830
 18, 35,  831
 31, 21,  832
 27,  2,  834
 29, 26,  841
 32, 13,  843
 27,  1,  845
 32, 14,  845
 31, 20,  847
  6, 34,  847
 10, 36,  851
 28, 27,  855
 13, 36,  863
 32, 16,  871
  1,  1,  881
 31, 15,  887
 31, 13,  894
 31,  8,  895
 31, 11,  897
  2, 31,  897
  5, 34,  901
  1, 32,  902
  3, 32,  905
 28,  2,  906
 30,  6,  907
  1, 31,  907
  4, 33,  907
 32, 11,  908
 19, 36,  910
 14, 36,  911
 31,  6,  912
  3, 33,  912
 31,  7,  913
 31, 19,  913
  7, 35,  914
  9, 36,  915
  6, 35,  916
 12, 36,  916
 28,  3,  917
 29,  5,  917
  5, 35,  917
 26, 30,  919
  4, 34,  919
  8, 36,  919
 12, 37,  919
 30,  4,  920
 30,  5,  920
 32,  9,  920
 27, 29,  920
 32, 18,  922
 33, 19,  922
 32, 20,  922
 24, 33,  922
 22, 34,  922
 21, 35,  922
 29,  4,  923
 32, 19,  923
 31, 22,  923
 30, 24,  923
 30, 25,  923
 27, 30,  923
 24, 32,  923
 18, 37,  923
 32, 10,  924
 30, 26,  924
 29, 28,  925
 26, 31,  925
 31,  4,  926
  2, 32,  926
 32,  8,  927
 33, 10,  927
 28,  1,  928
 33, 18,  929
 32, 21,  929
 25, 31,  929
 10, 37,  929
 33, 14,  930
 18, 36,  930
 31, 24,  931
  2, 33,  931
 29,  3,  932
 21, 34,  932
 20, 36,  932
 13, 37,  932
 31,  5,  933
 32,  6,  933
 25, 32,  933
 33, 17,  934
 31, 25,  934
 29, 31,  934
 22, 35,  934
 11, 37,  934
 29,  2,  935
 33, 13,  935
 32, 22,  935
 31, 23,  935
 29, 27,  935
 33,  8,  936
 33, 11,  936
 23, 34,  936
  7, 36,  936
 33, 15,  937
 34, 19,  937
 33, 20,  937
 28, 29,  937
  2, 34,  937
 20, 35,  937
 30,  3,  938
 33,  9,  938
 34, 14,  938
 34, 17,  938
 31, 26,  938
  3, 34,  938
 17, 38,  938
  1, 33,  939
 14, 38,  939
 33, 16,  940
 29, 29,  940
 27, 31,  940
 26, 32,  940
  5, 36,  940
  6, 37,  940
 33, 21,  941
  1, 34,  941
  3, 35,  941
  6, 36,  941
 22, 36,  941
 15, 37,  941
 12, 38,  941
 32,  5,  942
 32,  7,  942
 30, 27,  942
 29, 30,  942
 27, 32,  942
  9, 37,  942
 34,  9,  943
 34, 11,  943
 34, 15,  943
 33, 22,  943
 24, 34,  943
 25, 34,  943
 21, 36,  943
 11, 38,  943
 32,  4,  944
 34, 10,  944
 33, 12,  944
 25, 33,  944
 17, 37,  944
  2, 35,  945
 21, 37,  945
 31,  3,  946
 31, 27,  946
 28, 31,  946
  4, 35,  946
 14, 37,  946
 16, 37,  946
 19, 37,  946
 30,  1,  947
 32, 23,  947
 33, 25,  947
  8, 37,  947
 20, 38,  947
 17, 39,  947
 16, 39,  948
 29,  1,  949
 30,  2,  949
 33,  7,  949
 34, 16,  949
 33, 23,  949
 28, 30,  949
  3, 36,  949
 31,  2,  950
 34, 12,  950
 34, 13,  950
 32, 26,  950
 26, 33,  950
 23, 35,  950
  2, 36,  950
  7, 38,  950
  9, 38,  950
 10, 38,  950
 15, 38,  950
 16, 38,  950
 35, 17,  951
 34, 21,  951
 30, 28,  951
  3, 37,  951
  5, 37,  951
  8, 38,  951
 13, 39,  951
 13, 38,  952
 34,  8,  953
 35, 14,  953
 34, 18,  953
 30, 29,  953
 25, 35,  953
 20, 37,  953
 18, 38,  953
 33,  5,  954
 24, 35,  954
 23, 36,  954
 32, 25,  955
 31, 28,  955
 33,  6,  956
 35, 19,  956
 35, 20,  956
 31, 29,  956
  4, 36,  956
 33, 26,  957
 32, 27,  957
 28, 32,  957
 26, 34,  957
  7, 37,  957
 22, 37,  957
 35, 16,  958
 34, 23,  958
 30, 30,  958
 28, 34,  958
 11, 39,  958
 32,  3,  959
 35, 13,  959
 33, 24,  959
 27, 33,  959
 28, 33,  959
  6, 38,  959
 34,  4,  960
 34, 22,  960
 35, 22,  960
  1, 35,  960
 26, 35,  960
 24, 36,  960
 10, 39,  960
 12, 39,  960
 33,  3,  961
 33,  4,  961
 34,  6,  961
 35, 11,  961
 35, 18,  961
 32, 24,  961
 35,  7,  962
 34, 20,  962
 25, 36,  962
 23, 37,  962
 10, 40,  962
 35, 12,  963
 35, 15,  963
 36, 17,  963
  4, 37,  963
 19, 38,  963
 21, 38,  963
 15, 39,  963
 19, 39,  963
 14, 40,  963
 35, 21,  964
 29, 32,  964
 32,  2,  965
 35,  9,  965
 35, 10,  965
 33, 27,  965
 27, 34,  965
  5, 38,  965
 36, 13,  966
 32, 28,  966
 31, 30,  966
 14, 39,  966
 15, 40,  966
 31,  1,  967
 34,  3,  967
 35,  8,  967
 36, 16,  967
 30, 31,  967
 22, 38,  967
 34, 25,  968
  7, 39,  968
 20, 39,  968
  7, 40,  968
 34,  7,  969
 36, 20,  969
 34, 24,  969
 32, 29,  969
 30, 32,  969
 24, 37,  969
 16, 40,  969
 18, 40,  969
 36, 10,  970
 32, 30,  970
 27, 36,  970
  9, 39,  970
 12, 40,  970
 13, 40,  970
 35,  5,  971
 35, 25,  971
 34, 26,  971
 33, 28,  971
  1, 36,  971
 36, 12,  972
 37, 14,  972
 24, 38,  972
 35,  6,  973
 36, 11,  973
 37, 12,  973
 36, 15,  973
 23, 38,  973
  6, 39,  973
 18, 39,  973
 32,  1,  974
 33,  2,  974
 36, 19,  974
 29, 34,  974
 27, 35,  974
 28, 35,  974
  4, 38,  974
 17, 40,  974
 34,  5,  975
 31, 32,  975
 30, 34,  975
 26, 37,  975
 36, 14,  976
 35, 24,  976
 31, 31,  976
 36, 23,  977
 29, 33,  977
  5, 39,  977
 21, 39,  977
 30, 33,  978
  8, 39,  978
 37, 13,  979
 37, 16,  979
  6, 40,  979
 37, 15,  980
 37, 17,  980
 22, 39,  980
  9, 40,  980
 11, 40,  980
 36,  9,  981
 32, 31,  981
 32, 32,  981
  8, 40,  981
 35,  4,  982
 36,  7,  982
 26, 36,  982
  2, 38,  982
 35,  3,  983
 35, 23,  983
 28, 36,  983
  2, 37,  983
  3, 38,  983
 23, 39,  983
 36,  8,  984
 34, 27,  984
 19, 40,  984
 34,  2,  985
 36,  6,  985
 37, 19,  985
 25, 37,  985
 20, 40,  985
 36,  4,  986
 36, 18,  986
 37, 18,  986
 37, 22,  986
 35, 26,  986
 33, 29,  986
 34,  1,  987
 38, 10,  987
 37, 11,  987
 34, 28,  987
 24, 39,  987
 37, 10,  989
 38, 15,  989
  1, 37,  989
 37,  9,  990
 38, 20,  990
 30, 35,  990
  4, 39,  990
 37,  8,  991
 38, 12,  991
 36, 21,  991
 36, 24,  991
  3, 39,  991
 23, 40,  991
 38,  9,  992
 38, 14,  992
 37, 20,  992
  1, 38,  992
 27, 39,  992
 38, 16,  993
 36, 22,  993
 25, 38,  993
  1, 39,  993
 36,  5,  994
 37, 21,  994
  4, 40,  994
 33,  1,  995
 38, 18,  995
 34, 31,  995
 27, 37,  995
 29, 35,  996
 28, 37,  996
  2, 39,  996
 37, 23,  998
 35, 28,  998
 34, 29,  998
 33, 30,  998
 32, 33,  998
  5, 40,  998
 21, 40,  998
 37,  7,  999
 38, 19,  999
 33, 31,  999
 35,  1, 1000
 36,  3, 1000
 35, 29, 1000
 31, 34, 1000
 38, 11, 1001
 31, 33, 1001
 26, 38, 1001
 22, 40, 1001
 37,  6, 1002
 39, 15, 1002
 36, 25, 1002
 34, 30, 1002
 27, 38, 1002
  2, 40, 1002
 35,  2, 1003
 37,  5, 1003
 38,  8, 1003
 35, 27, 1003
 37,  4, 1004
 38, 13, 1004
 38, 17, 1004
 37, 24, 1004
  3, 40, 1004
 36,  2, 1005
 35, 31, 1006
 35, 30, 1007
 34, 32, 1007
  1, 40, 1007
 36, 27, 1008
 33, 32, 1008
 29, 36, 1008
 38,  7, 1009
 36, 26, 1009
 25, 39, 1009
 39, 12, 1010
 38, 21, 1010
 37, 25, 1010
 31, 35, 1010
 24, 40, 1010
 37,  3, 1011
 38, 22, 1011
 39, 10, 1012
 39, 18, 1012
 38, 23, 1012
 33, 33, 1012
 32, 34, 1012
 28, 38, 1012
 39,  6, 1013
 30, 36, 1013
 29, 37, 1013
 39, 13, 1014
 39, 16, 1014
 39, 19, 1014
 37, 26, 1014
 36,  1, 1016
 39, 11, 1017
 39, 20, 1017
 25, 40, 1017
 40, 15, 1018
 34, 33, 1018
 26, 39, 1018
 40, 10, 1019
 40, 12, 1020
 39, 17, 1020
 40, 14, 1021
 37, 27, 1021
 40, 11, 1022
 32, 35, 1022
 26, 40, 1022
 38,  6, 1024
 39,  8, 1024
 39, 14, 1024
 38, 26, 1025
 28, 39, 1025
 29, 38, 1026
 38,  5, 1027
 36, 28, 1027
 36, 29, 1027
 35, 32, 1027
 33, 34, 1027
 31, 36, 1027
 39,  9, 1028
 38, 24, 1028
 40, 18, 1029
 37, 28, 1029
 38,  4, 1030
 36, 30, 1030
 40, 17, 1032
 39, 21, 1033
 37, 29, 1036
 30, 37, 1036
 36, 31, 1037
 38, 25, 1038
 33, 35, 1038
 37,  2, 1039
 40,  8, 1039
 40, 13, 1040
 40, 25, 1041
 27, 40, 1042
 40, 16, 1043
 39, 22, 1043
 30, 38, 1043
 40, 19, 1044
 38, 27, 1045
 40,  9, 1046
 32, 37, 1046
 38,  3, 1047
 39,  5, 1047
 35, 33, 1047
 32, 36, 1047
 31, 37, 1047
 40, 22, 1048
 37, 30, 1048
 38,  2, 1049
 39, 24, 1049
 39, 23, 1053
 39, 25, 1055
 30, 39, 1059
 39,  7, 1060
 40, 21, 1061
 29, 39, 1061
 40, 20, 1065
 40, 23, 1065
 34, 35, 1069
 31, 39, 1070
 29, 40, 1071
 40,  6, 1073
 40,  7, 1075
 39, 27, 1076
 33, 36, 1079
 34, 34, 1080
 38,  1, 1082
 40,  5, 1083
 31, 38, 1084
 37,  1, 1085
 28, 40, 1091
 37, 31, 1093
 36, 33, 1096
 39, 26, 1119
 36, 32, 1161
 39,  2, 1162
 35, 34, 1168
 30, 40, 1169
 40, 26, 1174
 38, 28, 1178
 34, 36, 1181
 32, 38, 1181
 34, 37, 1182
 39,  3, 1184
 39,  4, 1184
 38, 29, 1184
 39, 28, 1185
 37, 32, 1186
 38, 30, 1197
 36, 34, 1198
 35, 35, 1198
 40,  4, 1202
 40, 24, 1205
 32, 39, 1207
 38, 32, 1209
 40, 28, 1211
 33, 39, 1211
 39, 29, 1212
 33, 37, 1212
 40, 27, 1213
 38, 31, 1214
 35, 36, 1215
 31, 40, 1215
 40, 29, 1216
 34, 38, 1217
 33, 38, 1218
 37, 33, 1219
 37, 35, 1219
 36, 35, 1221
 39,  1, 1222
 38, 33, 1224
 37, 34, 1225
 39, 31, 1227
 39, 32, 1229
 40,  3, 1231
 39, 30, 1231
 38, 34, 1231
 37, 36, 1231
 33, 40, 1231
 40, 30, 1232
 35, 37, 1233
 36, 36, 1234
 36, 37, 1236
 35, 38, 1236
 34, 39, 1236
 35, 39, 1238
 32, 40, 1241
 37, 37, 1244
 40,  2, 1246
 39, 33, 1247
 38, 36, 1255
 40, 32, 1257
 36, 38, 1260
 39, 35, 1262
 40, 33, 1263
 39, 34, 1263
 38, 35, 1264
 34, 40, 1268
 36, 39, 1270
 40,  1, 1274
 40, 31, 1274
 39, 36, 1276
 36, 40, 1276
 40, 34, 1287
 35, 40, 1292
 37, 38, 1297
 40, 35, 1299
 40, 36, 1316
 38, 37, 1332
 38, 38, 1363
 37, 39, 1365
 39, 37, 1368
 38, 39, 1371
 39, 38, 1388
 40, 37, 1394
 38, 40, 1394
 37, 40, 1395
 40, 38, 1399
 39, 39, 1412
 40, 39, 1412
 39, 40, 1416
 40, 40, 1430
