 7,22,17, 1,4
 30,  5,  459
 29,  7,  459
 25, 11,  459
 30,  4,  460
 31,  7,  460
 33,  7,  460
 32,  8,  460
 30,  9,  460
 34,  5,  461
 34,  9,  461
 31,  4,  462
 26,  6,  462
 28,  6,  462
 31,  6,  462
 32,  6,  462
 33,  6,  462
 23,  7,  462
 26,  7,  462
 27,  8,  462
 29, 10,  462
 30, 11,  462
 29,  4,  463
 33,  4,  463
 29,  5,  463
 31,  5,  463
 33,  5,  463
 27,  6,  463
 28,  7,  463
 25,  8,  463
 29,  8,  463
 30,  8,  463
 28,  9,  463
 29,  9,  463
 32,  9,  463
 24,  4,  464
 27,  5,  464
 28,  5,  464
 24,  7,  464
 27,  7,  464
 28,  8,  464
 26,  9,  464
 27,  9,  464
 33,  9,  464
 23,  6,  465
 24,  6,  465
 36,  8,  465
 31,  9,  465
 28, 10,  465
 30, 10,  465
 31, 11,  465
 28, 12,  465
 29, 12,  465
 28,  1,  466
 29,  2,  466
 32,  3,  466
 25,  4,  466
 23,  5,  466
 24,  5,  466
 32,  5,  466
 30,  6,  466
 24,  8,  466
 33,  8,  466
 35,  8,  466
 35,  9,  466
 24, 10,  466
 27, 10,  466
 33, 11,  466
 34, 11,  466
 33,  2,  467
 28,  3,  467
 26,  4,  467
 27,  4,  467
 28,  4,  467
 32,  4,  467
 25,  6,  467
 29,  6,  467
 34,  6,  467
 30,  7,  467
 32,  7,  467
 26,  8,  467
 34,  8,  467
 32, 10,  467
 35, 10,  467
 27,  2,  468
 30,  2,  468
 27,  3,  468
 29,  3,  468
 31,  3,  468
 34,  4,  468
 25,  5,  468
 26,  5,  468
 36,  6,  468
 23,  8,  468
 23,  9,  468
 36,  9,  468
 26, 10,  468
 31, 10,  468
 28, 11,  468
 29, 11,  468
 35, 11,  468
 31, 12,  468
 29, 13,  468
 24,  3,  469
 33,  3,  469
 34,  3,  469
 35,  6,  469
 25,  7,  469
 31,  8,  469
 33, 10,  469
 34, 10,  469
 38, 10,  469
 27, 11,  469
 32, 11,  469
 27, 13,  469
 32, 13,  469
 30, 14,  469
 29,  1,  470
 30,  1,  470
 30,  3,  470
 22,  6,  470
 34,  7,  470
 35,  7,  470
 36,  7,  470
 37,  8,  470
 25,  9,  470
 36, 10,  470
 27, 12,  470
 26, 13,  470
 25,  3,  471
 36,  4,  471
 35,  5,  471
 38,  7,  471
 24, 11,  471
 25, 12,  471
 26, 12,  471
 33, 12,  471
 30, 13,  471
 34, 13,  471
 32, 15,  471
 32,  1,  472
 34,  2,  472
 38,  5,  472
 21,  8,  472
 38,  8,  472
 37, 10,  472
 23, 11,  472
 26, 11,  472
 22, 12,  472
 30, 12,  472
 26,  3,  473
 35,  4,  473
 22,  5,  473
 21,  7,  473
 37,  7,  473
 23, 10,  473
 25, 10,  473
 34, 12,  473
 28, 13,  473
 29, 14,  473
 31, 15,  473
 31,  1,  474
 25,  2,  474
 26,  2,  474
 31,  2,  474
 36,  2,  474
 23,  3,  474
 36,  5,  474
 22,  9,  474
 24,  9,  474
 32, 12,  474
 36, 12,  474
 31, 13,  474
 28,  2,  475
 32,  2,  475
 35,  2,  475
 37,  5,  475
 21,  6,  475
 37,  6,  475
 22,  8,  475
 37,  9,  475
 23, 12,  475
 33, 13,  475
 26, 14,  475
 22,  3,  476
 35,  3,  476
 36,  3,  476
 22,  4,  476
 21,  5,  476
 38,  6,  476
 35, 12,  476
 25, 14,  476
 32, 14,  476
 26,  1,  477
 23,  2,  477
 24,  2,  477
 20,  4,  477
 21,  4,  477
 22,  7,  477
 39,  7,  477
 38,  9,  477
 22, 10,  477
 22, 11,  477
 27, 14,  477
 28, 15,  477
 34,  1,  478
 23,  4,  478
 20,  7,  478
 39,  8,  478
 36, 11,  478
 24, 12,  478
 26, 15,  478
 20,  3,  479
 38,  4,  479
 21,  9,  479
 24, 13,  479
 29, 15,  479
 27,  1,  480
 22,  2,  480
 37,  4,  480
 25, 13,  480
 35, 13,  480
 28, 14,  480
 33, 14,  480
 30, 15,  480
 29, 16,  480
 24,  1,  481
 33,  1,  481
 38,  3,  481
 20,  5,  481
 20,  6,  481
 39,  6,  481
 39,  9,  481
 21, 10,  481
 20, 12,  481
 23, 14,  481
 25, 15,  481
 33, 15,  481
 22,  1,  482
 25,  1,  482
 37,  2,  482
 38,  2,  482
 37,  3,  482
 38, 11,  482
 21, 12,  482
 36, 13,  482
 31, 14,  482
 34, 14,  482
 36, 15,  482
 36,  1,  483
 40,  9,  483
 20, 11,  483
 23, 13,  483
 22, 14,  483
 24, 14,  483
 24, 15,  483
 26, 16,  483
 19,  6,  484
 39, 10,  484
 21, 11,  484
 39, 11,  484
 35, 14,  484
 27, 15,  484
 23,  1,  485
 21,  3,  485
 19,  8,  485
 40,  8,  485
 37, 11,  485
 22, 13,  485
 32, 16,  485
 20, 10,  486
 40, 11,  486
 38, 12,  486
 28, 16,  486
 36, 16,  486
 35,  1,  487
 20,  2,  487
 19,  3,  487
 39,  5,  487
 40,  5,  487
 20,  9,  487
 37, 12,  487
 39, 12,  487
 35, 15,  487
 30, 16,  487
 40,  3,  488
 39,  4,  488
 20,  8,  488
 31, 17,  488
 40,  6,  489
 21, 14,  489
 34, 15,  489
 38,  1,  490
 39,  3,  490
 19,  4,  490
 18,  5,  490
 40,  7,  490
 19,  9,  490
 40, 10,  490
 19, 13,  490
 36, 14,  490
 27, 16,  490
 37,  1,  491
 39,  2,  491
 40,  2,  491
 18,  3,  491
 40,  4,  491
 19,  7,  491
 18,  9,  491
 19, 10,  491
 18, 13,  491
 21, 13,  491
 23, 15,  491
 21,  1,  492
 19,  5,  492
 18,  6,  492
 18,  7,  492
 37, 13,  492
 38, 13,  492
 40, 13,  492
 37, 14,  492
 38, 14,  492
 23, 16,  492
 39,  1,  493
 18, 10,  493
 18, 11,  493
 19, 11,  493
 25, 16,  493
 37, 15,  495
 33, 16,  495
 34, 16,  495
 29, 17,  495
 19,  2,  496
 21,  2,  496
 17,  7,  496
 39, 14,  496
 18,  2,  497
 18,  4,  497
 16,  8,  497
 17, 10,  497
 17,  4,  498
 18,  8,  498
 39, 13,  498
 22, 15,  498
 24, 16,  498
 26, 17,  498
 30, 17,  498
 32, 17,  498
 33, 17,  498
 17,  8,  499
 18, 12,  499
 40, 12,  499
 20, 13,  499
 21, 15,  499
 31, 16,  499
 19,  1,  500
 17,  5,  500
 17, 11,  500
 20,  1,  501
 40,  1,  501
 28, 17,  501
 38, 15,  502
 35, 16,  502
 37, 16,  502
 29, 18,  502
 19, 12,  503
 20, 14,  503
 18,  1,  504
 19, 14,  504
 35, 17,  504
 26, 18,  504
 30, 18,  504
 17,  9,  505
 17, 12,  505
 25, 17,  505
 27, 17,  505
 34, 17,  505
 17,  6,  506
 39, 15,  506
 22, 16,  506
 16,  6,  507
 20, 15,  508
 27, 18,  508
 21, 16,  509
 38, 16,  509
 23, 17,  509
 24, 18,  509
 33, 18,  509
 28, 18,  510
 31, 18,  510
 17,  1,  511
 16,  3,  511
 16,  5,  511
 16,  9,  511
 40, 14,  511
 15,  8,  512
 16, 10,  512
 20, 16,  512
 36, 17,  512
 31, 19,  512
 15,  7,  513
 15,  5,  514
 17, 13,  514
 24, 17,  514
 25, 18,  514
 17,  2,  515
 17,  3,  515
 15,  6,  515
 16,  7,  515
 15,  9,  515
 16, 12,  515
 19, 15,  515
 37, 17,  515
 32, 18,  516
 33, 19,  516
 39, 17,  517
 39, 16,  518
 34, 18,  518
 26, 19,  518
 15, 10,  519
 40, 15,  519
 22, 17,  519
 18, 14,  520
 16,  1,  521
 30, 19,  521
 32, 19,  521
 15,  2,  522
 35, 18,  522
 16,  2,  523
 29, 19,  523
 16,  4,  524
 23, 18,  524
 17, 14,  525
 21, 17,  526
 40, 16,  527
 40, 17,  527
 27, 19,  527
 14, 10,  528
 36, 18,  528
 16, 11,  529
 18, 15,  530
 22, 18,  530
 38, 18,  530
 15,  3,  531
 18, 16,  532
 20, 17,  532
 23, 19,  532
 15,  4,  533
 15, 11,  533
 16, 13,  534
 25, 19,  534
 28, 19,  534
 14,  9,  535
 31, 20,  535
 14,  5,  537
 13,  8,  538
 14,  6,  539
 15, 12,  539
 15, 14,  539
 19, 16,  539
 21, 18,  539
 27, 20,  539
 28, 20,  540
 38, 17,  541
 17, 16,  542
 30, 20,  542
 14,  7,  543
 15, 13,  544
 38, 19,  544
 13,  5,  546
 19, 17,  546
 37, 18,  548
 37, 19,  548
 14,  2,  550
 14,  4,  550
 14, 11,  551
 34, 19,  551
 13,  6,  552
 13,  9,  554
 29, 20,  556
 32, 20,  559
 13,  7,  560
 14,  8,  560
 12,  8,  563
 35, 19,  568
 14, 13,  569
 18, 17,  570
 22, 19,  572
 36, 20,  572
 16, 14,  573
 13, 10,  574
 24, 19,  578
 12,  4,  583
 26, 20,  680
 33, 20,  681
 24, 20,  691
 13, 11,  695
 25, 20,  698
 20, 18,  699
 14, 12,  701
 16, 15,  701
 35, 20,  702
 34, 20,  703
 34, 21,  703
 12,  6,  704
 13,  4,  705
 17, 15,  705
 20, 19,  705
 32, 21,  707
 15, 15,  709
 40, 18,  709
 39, 18,  710
 36, 19,  711
 23, 20,  711
 28, 21,  711
 15,  1,  712
 22, 20,  712
 12,  9,  714
 21, 19,  714
 14, 15,  715
 39, 19,  715
 14,  3,  716
 13, 12,  716
 21, 20,  716
 15, 16,  717
 29, 21,  717
 30, 21,  717
 12,  5,  718
 31, 21,  718
 19, 18,  719
 26, 22,  719
 31, 22,  719
 12, 11,  720
 18, 19,  720
 25, 21,  720
 26, 21,  720
 28, 22,  720
 34, 22,  720
 13, 13,  721
 37, 20,  721
 19, 19,  722
 33, 21,  722
 14, 14,  725
 12, 10,  726
 16, 17,  726
 23, 21,  726
 27, 21,  726
 17, 18,  727
 35, 21,  727
 18, 18,  728
 40, 19,  728
 27, 22,  728
 12,  7,  729
 38, 20,  729
 24, 21,  729
 11,  5,  731
 13, 14,  732
 16, 16,  732
 17, 17,  733
 25, 22,  733
 29, 22,  733
 12,  2,  734
 13,  2,  734
 38, 21,  734
 21, 21,  735
 36, 21,  735
 30, 22,  735
 12, 12,  736
 20, 20,  737
 38, 22,  737
 27, 23,  737
 14,  1,  738
 11, 10,  738
 35, 22,  738
 16, 18,  739
 19, 20,  739
 20, 21,  739
 28, 23,  739
 24, 22,  740
 29, 23,  740
 12, 13,  741
 15, 17,  741
 17, 19,  741
 22, 21,  742
 28, 24,  742
 23, 22,  743
 12,  3,  744
 11,  7,  744
 32, 23,  744
 13, 16,  745
 39, 20,  745
 33, 22,  745
 31, 23,  745
 13,  3,  746
 11, 11,  746
 14, 16,  746
 32, 22,  746
 11,  6,  747
 26, 23,  747
 13,  1,  748
 12, 14,  749
 14, 17,  749
 17, 20,  749
 40, 20,  749
 37, 21,  749
 13, 15,  750
 39, 21,  750
 36, 22,  750
 21, 23,  750
 29, 25,  750
 18, 20,  752
 19, 21,  752
 33, 23,  752
 11, 12,  753
 34, 23,  753
 32, 24,  753
 10,  7,  754
 22, 22,  754
 25, 23,  754
 30, 23,  754
 11,  3,  755
 11,  4,  755
 19, 22,  755
 29, 24,  755
 10,  5,  756
 14, 18,  756
 15, 18,  756
 21, 22,  756
 37, 22,  756
 11,  8,  757
 15, 19,  757
 16, 19,  757
 24, 23,  757
 26, 24,  757
 11,  9,  758
 10, 13,  758
 11, 13,  758
 18, 21,  758
 23, 23,  760
 10,  6,  761
 13, 17,  762
 27, 24,  762
 31, 24,  763
 11,  1,  764
 10, 12,  764
 11, 14,  764
 16, 20,  764
 22, 23,  764
 30, 25,  764
 12,  1,  765
  9,  7,  765
 10,  9,  765
 11, 15,  765
 35, 23,  765
 37, 23,  765
 12, 15,  766
 12, 16,  766
 18, 22,  766
  9,  6,  767
 36, 23,  767
 20, 22,  768
 24, 24,  768
 33, 24,  768
 11,  2,  769
  8,  6,  769
  9, 10,  769
 25, 24,  769
 34, 24,  770
 11, 16,  771
 10, 10,  772
 15, 20,  772
 17, 21,  772
 28, 25,  772
 33, 25,  772
 10, 11,  773
  9, 12,  773
 10,  2,  774
 10,  8,  774
 10, 15,  774
 13, 18,  774
 31, 25,  774
  9,  8,  775
  9, 13,  775
 21, 24,  775
 27, 25,  775
  9,  9,  776
 14, 19,  776
 25, 25,  776
 16, 21,  778
 23, 24,  778
 35, 24,  778
 10, 14,  779
 19, 23,  779
 30, 24,  779
 40, 21,  780
  9, 11,  781
  9,  3,  782
 17, 22,  782
 23, 25,  782
 16, 22,  783
 39, 22,  783
 10,  4,  784
 27, 27,  785
 12, 17,  786
 12, 18,  786
 13, 19,  786
 26, 25,  786
  8,  8,  787
 40, 22,  787
 32, 25,  787
 11, 17,  788
 34, 25,  788
 18, 23,  789
 38, 23,  789
  8, 12,  790
 24, 25,  790
 36, 25,  790
 28, 26,  791
  8, 14,  792
 39, 23,  793
 30, 26,  793
  8,  7,  794
 19, 24,  794
 22, 24,  797
 27, 26,  797
 20, 23,  798
 10, 16,  800
 25, 26,  800
 10,  3,  802
 22, 25,  802
  9,  4,  803
 30, 27,  805
 17, 23,  806
  8,  9,  807
 26, 26,  807
  9,  5,  809
  8,  5,  810
 37, 24,  810
 12, 19,  812
 33, 26,  813
  8, 10,  815
 11, 18,  815
 21, 25,  817
 10,  1,  818
 13, 20,  819
  9, 15,  820
 20, 24,  820
 15, 21,  821
 10, 18,  822
 21, 26,  823
 35, 25,  824
 24, 26,  825
  9, 14,  826
  8, 11,  827
 10, 17,  830
  7,  9,  833
 36, 24,  833
 11, 19,  835
  7,  6,  843
 13, 21,  843
  8, 13,  845
  8, 15,  848
  7,  8,  851
  7,  7,  856
 14, 20,  869
 40, 23,  890
 34, 26,  899
  7,  5,  903
 15, 22,  903
 16, 23,  903
 37, 25,  906
 31, 26,  906
  9,  1,  907
 38, 25,  908
 20, 25,  909
 29, 26,  909
  8,  3,  910
 32, 26,  910
 38, 24,  911
 26, 27,  911
 32, 27,  912
 29, 28,  912
 14, 21,  914
 22, 26,  914
  7, 13,  917
 14, 22,  917
 17, 24,  917
 39, 24,  917
 31, 27,  917
 35, 27,  918
 13, 22,  919
 29, 27,  919
 19, 25,  920
 23, 27,  920
 12, 21,  921
  6, 10,  922
 12, 20,  923
 15, 23,  923
 18, 25,  923
  9,  2,  924
  8,  4,  924
 40, 24,  924
 33, 28,  924
  7, 10,  925
 10, 19,  925
 39, 25,  925
 22, 27,  925
 24, 27,  925
 32, 28,  925
  8,  2,  926
  7, 12,  926
 20, 26,  926
 35, 26,  926
 28, 27,  926
 35, 28,  926
 25, 27,  927
 25, 28,  927
 11, 20,  928
 14, 24,  928
 23, 26,  928
  9, 16,  929
 33, 27,  930
  7,  1,  931
  6,  6,  931
  9, 18,  931
 15, 24,  931
 26, 28,  931
 16, 24,  932
 40, 25,  932
 36, 26,  932
 22, 28,  932
 18, 24,  933
 19, 26,  933
 34, 27,  933
 24, 28,  933
  8,  1,  934
  6,  5,  934
 16, 25,  934
 27, 28,  934
  6,  7,  935
  9, 17,  935
 38, 26,  935
 21, 27,  935
 23, 28,  935
 27, 29,  935
  6,  8,  936
  6, 11,  936
 14, 23,  936
  7, 14,  938
 11, 21,  938
 37, 26,  938
 36, 28,  938
  6,  4,  939
  6,  9,  939
  8, 17,  939
 17, 25,  939
 28, 28,  939
 31, 28,  939
 26, 29,  939
  7, 15,  940
 36, 27,  940
 29, 29,  940
  9, 19,  941
 18, 26,  942
 30, 28,  942
  5,  9,  943
  7, 11,  943
 12, 22,  943
 38, 27,  943
 34, 28,  943
 31, 29,  943
  6, 12,  944
  6, 14,  944
 21, 28,  944
 25, 29,  944
  7,  3,  945
  7,  4,  945
 37, 27,  945
 10, 20,  946
 15, 25,  946
 17, 26,  946
 39, 26,  946
 23, 29,  946
 28, 29,  946
 28, 30,  946
  6, 15,  947
  8, 16,  947
 11, 23,  947
 12, 23,  947
 13, 23,  947
 32, 29,  947
  5,  6,  948
  6, 13,  948
 16, 26,  948
 18, 27,  948
 10, 21,  949
 11, 22,  949
 20, 28,  949
 21, 29,  949
 30, 29,  949
  5,  7,  950
  8, 18,  950
 19, 27,  950
  4,  7,  951
  5, 12,  951
  9, 20,  951
  5,  8,  952
  7, 16,  952
 20, 27,  952
 33, 29,  952
 40, 26,  953
 37, 28,  953
 39, 27,  954
 29, 30,  954
 30, 30,  954
 31, 30,  954
 34, 30,  954
  6,  3,  955
  4,  8,  955
  4, 11,  955
  5, 11,  955
  6, 16,  955
 13, 24,  955
 17, 27,  955
 19, 28,  955
 32, 30,  955
  4,  6,  956
  5, 10,  956
  5, 13,  956
 34, 29,  956
 27, 30,  956
 35, 30,  956
  7,  2,  957
  8, 19,  957
 14, 26,  957
 22, 29,  957
 33, 30,  957
  5,  3,  958
  5,  5,  958
  4,  9,  958
 27, 31,  958
  7, 17,  959
 12, 24,  959
 14, 25,  959
 24, 29,  959
  5, 15,  960
  5, 16,  960
  8, 20,  960
 10, 22,  960
 37, 29,  960
  4, 12,  961
 18, 28,  961
 39, 28,  961
 36, 29,  961
 23, 30,  961
 31, 31,  961
  7, 19,  962
 20, 29,  962
 35, 29,  962
 25, 30,  962
  5, 14,  963
  9, 21,  963
 10, 23,  963
 16, 27,  963
 24, 30,  963
 26, 30,  963
  5,  4,  964
  7, 18,  964
 13, 26,  964
 15, 26,  964
 28, 31,  964
 30, 31,  964
  6,  1,  965
  4,  5,  965
 10, 24,  965
 12, 25,  965
 15, 27,  965
 40, 27,  965
 18, 29,  965
 38, 29,  965
 32, 31,  965
  6,  2,  966
 26, 31,  966
  8, 22,  967
 14, 27,  967
 22, 30,  967
 28, 32,  967
  8, 21,  968
 21, 30,  968
  5,  2,  969
  3, 11,  969
  4, 15,  969
  5, 18,  969
  6, 20,  969
  7, 20,  969
  9, 23,  969
  3,  5,  970
  6, 17,  970
  7, 21,  970
 17, 28,  970
 40, 28,  970
 36, 30,  970
 29, 31,  970
 25, 32,  970
 30, 32,  970
  3,  7,  971
  5, 17,  971
 38, 28,  971
 19, 30,  971
  3,  3,  972
  4,  4,  972
  3,  6,  972
  3,  8,  972
  6, 18,  972
 25, 31,  972
  4,  3,  973
 13, 25,  973
 16, 29,  973
 19, 29,  973
  3,  9,  974
  4, 10,  974
 11, 24,  974
 12, 26,  974
 33, 31,  974
 34, 31,  974
  4, 14,  975
  4,  1,  976
  4, 17,  976
 24, 31,  976
 27, 32,  976
  9, 22,  977
 13, 27,  977
 39, 29,  977
 37, 30,  977
  3, 12,  978
 15, 28,  979
 16, 28,  979
 40, 29,  979
  4,  2,  980
  9, 24,  980
 11, 26,  980
 17, 30,  980
 20, 30,  980
  5,  1,  981
  3, 10,  981
  3, 13,  981
  4, 13,  981
  6, 19,  981
 18, 30,  981
 35, 31,  981
 32, 32,  981
 34, 32,  981
 14, 28,  982
 38, 30,  982
 23, 31,  982
  2,  5,  983
  2,  9,  983
  3, 15,  983
  4, 16,  983
  8, 23,  983
 15, 29,  983
  2, 10,  984
  7, 22,  984
 16, 30,  984
 39, 30,  984
 20, 32,  984
 29, 32,  984
  2,  8,  985
  5, 19,  985
 11, 25,  985
 20, 31,  985
 21, 31,  985
 36, 31,  985
 26, 32,  985
 33, 32,  985
  2, 12,  986
  3, 14,  986
 35, 32,  986
  4, 18,  987
 12, 27,  987
 22, 31,  987
 22, 32,  987
 31, 32,  987
 24, 33,  987
  2,  6,  988
 24, 32,  988
 30, 33,  988
  3,  4,  989
 10, 25,  989
 11, 27,  989
 23, 32,  989
 37, 32,  989
  2,  7,  990
 19, 31,  990
 23, 33,  990
  5, 20,  991
  6, 22,  991
 17, 29,  991
  1,  9,  992
 13, 28,  992
  2, 11,  993
  9, 25,  993
  9, 26,  993
 14, 29,  993
  2, 16,  994
  4, 19,  994
  8, 24,  994
  1, 10,  995
  3, 17,  995
 37, 31,  995
 36, 32,  995
 20, 33,  996
 31, 33,  996
  7, 23,  997
  7, 24,  997
 16, 31,  997
 39, 31,  997
 32, 34,  997
  2,  2,  998
  4, 20,  998
 10, 26,  998
 28, 33,  998
  2, 14,  999
 38, 31,  999
  2,  4, 1000
  1,  7, 1000
  3, 16, 1000
 12, 28, 1000
 26, 33, 1000
  2,  3, 1001
 40, 30, 1001
 25, 33, 1001
 32, 33, 1001
 33, 33, 1001
  3,  2, 1002
  1, 11, 1002
  2, 15, 1002
  5, 22, 1002
  6, 23, 1002
 38, 32, 1002
 12, 29, 1003
 21, 33, 1003
 29, 33, 1003
  5, 21, 1004
 27, 33, 1004
  1,  6, 1005
  2, 13, 1005
  3, 18, 1005
  1, 12, 1006
 11, 28, 1006
 26, 34, 1006
  1, 13, 1007
  3, 19, 1007
  4, 21, 1007
 10, 27, 1007
 17, 31, 1007
 21, 32, 1007
  1, 14, 1008
  6, 21, 1008
  9, 27, 1008
 34, 33, 1008
 34, 34, 1008
 15, 30, 1009
 18, 32, 1009
 22, 33, 1009
 30, 34, 1009
  1,  8, 1010
  1, 17, 1010
 40, 31, 1010
  2, 17, 1011
 10, 28, 1011
  8, 25, 1012
 18, 31, 1012
 36, 33, 1012
 28, 34, 1012
 19, 32, 1013
 35, 33, 1013
  1,  5, 1014
  7, 25, 1014
 39, 32, 1014
  2, 18, 1015
 38, 33, 1015
 25, 34, 1015
 29, 34, 1015
 24, 34, 1016
  1,  4, 1017
  1, 15, 1017
  2, 19, 1017
 11, 29, 1017
  2,  1, 1019
  7, 26, 1019
 27, 35, 1019
 13, 29, 1020
  1,  1, 1021
  3, 21, 1021
  6, 24, 1021
 15, 31, 1021
 22, 34, 1021
  6, 25, 1022
 13, 30, 1022
 14, 30, 1022
 37, 33, 1022
 31, 34, 1022
 35, 34, 1022
  1,  3, 1023
  8, 26, 1023
 18, 33, 1023
  1,  2, 1024
  4, 22, 1024
  3, 20, 1026
 40, 32, 1026
 27, 34, 1026
 19, 33, 1028
 30, 35, 1028
  5, 23, 1029
 17, 32, 1029
 20, 34, 1029
 29, 35, 1029
  3,  1, 1030
 23, 34, 1030
  8, 27, 1031
  1, 19, 1032
 33, 35, 1032
 39, 33, 1033
 25, 35, 1033
  9, 28, 1034
 18, 34, 1034
  1, 18, 1035
 10, 29, 1036
 13, 31, 1036
 36, 34, 1036
 34, 35, 1036
  1, 16, 1037
 33, 34, 1037
 26, 35, 1037
 31, 35, 1037
 29, 36, 1037
 11, 30, 1038
 40, 33, 1038
 32, 35, 1038
 16, 33, 1039
 21, 35, 1039
 14, 32, 1040
 12, 30, 1041
 14, 31, 1042
 17, 33, 1042
  6, 26, 1043
 15, 32, 1043
 28, 35, 1043
  4, 23, 1044
  5, 24, 1045
  5, 25, 1045
 35, 35, 1045
  3, 22, 1048
  4, 24, 1048
 16, 32, 1048
 15, 33, 1049
  7, 27, 1051
 37, 34, 1051
 16, 34, 1052
 24, 35, 1052
 21, 34, 1053
  2, 21, 1054
 19, 34, 1056
  9, 29, 1057
 35, 36, 1058
  2, 22, 1059
 22, 35, 1059
  2, 20, 1060
 10, 30, 1062
 12, 31, 1064
 13, 32, 1064
 20, 35, 1064
 23, 35, 1064
  3, 23, 1065
  3, 24, 1065
 31, 36, 1069
 30, 36, 1071
  8, 29, 1072
 26, 37, 1074
  8, 28, 1076
 32, 36, 1078
  5, 26, 1079
 24, 36, 1079
  6, 27, 1084
  1, 21, 1090
  4, 25, 1096
 39, 34, 1100
  1, 20, 1101
 27, 36, 1102
 11, 31, 1109
 28, 36, 1116
 12, 32, 1118
 26, 36, 1123
  2, 23, 1131
 38, 34, 1139
 13, 33, 1152
 10, 31, 1158
 25, 36, 1161
  4, 26, 1162
 37, 35, 1162
 34, 36, 1168
 17, 34, 1170
 23, 36, 1171
  7, 28, 1173
  9, 30, 1173
 38, 35, 1173
 36, 35, 1174
  2, 24, 1178
 33, 36, 1178
 21, 36, 1181
 22, 36, 1183
 28, 37, 1184
 16, 35, 1185
 23, 37, 1185
 33, 37, 1187
 19, 35, 1189
 14, 33, 1190
 15, 34, 1190
 18, 35, 1191
 22, 37, 1192
 11, 32, 1193
 17, 35, 1193
 27, 37, 1193
 36, 36, 1194
  6, 28, 1195
 12, 33, 1196
 39, 35, 1196
 18, 36, 1196
 30, 37, 1196
  4, 27, 1197
 25, 37, 1200
 31, 37, 1201
 34, 37, 1201
  7, 30, 1203
 24, 37, 1204
  3, 25, 1206
  7, 29, 1206
 11, 33, 1207
 14, 34, 1207
 28, 38, 1207
  6, 30, 1208
 13, 34, 1208
 20, 36, 1208
  5, 28, 1209
  8, 30, 1209
 32, 37, 1210
 27, 38, 1210
  5, 29, 1211
 15, 35, 1211
  9, 32, 1212
 10, 32, 1212
 12, 34, 1212
 20, 37, 1212
 29, 37, 1212
  5, 27, 1213
  9, 31, 1213
  2, 25, 1214
  8, 31, 1214
 17, 37, 1214
  6, 29, 1216
 19, 36, 1217
 38, 36, 1217
 23, 38, 1217
  7, 32, 1218
 37, 36, 1219
 25, 38, 1219
 32, 38, 1219
 18, 37, 1220
  3, 26, 1221
  7, 31, 1221
 21, 37, 1221
 35, 37, 1221
  1, 24, 1222
 33, 38, 1222
 10, 33, 1223
 11, 34, 1224
 13, 35, 1224
  8, 32, 1225
 38, 37, 1225
 35, 38, 1227
 40, 34, 1228
 11, 35, 1228
 15, 36, 1228
 31, 38, 1228
  4, 28, 1229
 17, 36, 1229
 26, 38, 1229
 24, 39, 1230
  1, 22, 1231
 40, 36, 1231
 36, 37, 1231
 22, 38, 1231
 37, 37, 1232
 30, 38, 1232
 34, 38, 1232
 31, 39, 1232
  3, 28, 1233
  1, 23, 1234
 23, 39, 1234
 27, 39, 1234
 30, 39, 1234
 10, 34, 1235
 29, 38, 1236
  2, 26, 1237
 14, 35, 1237
 16, 36, 1237
 39, 36, 1237
 21, 38, 1237
  5, 30, 1238
  5, 31, 1238
 26, 39, 1239
  3, 27, 1240
  6, 32, 1240
 40, 35, 1241
 24, 38, 1241
  9, 34, 1242
 13, 36, 1243
 20, 38, 1243
 22, 39, 1243
 39, 37, 1244
  9, 33, 1245
 25, 39, 1245
  1, 25, 1246
  4, 29, 1246
 19, 37, 1246
 14, 37, 1247
 16, 37, 1248
 35, 39, 1248
 12, 35, 1249
 27, 40, 1249
  2, 28, 1250
 29, 39, 1250
 24, 40, 1250
  3, 29, 1251
 32, 39, 1251
 37, 39, 1251
  4, 30, 1252
 12, 36, 1253
 20, 39, 1253
 26, 40, 1254
  8, 34, 1255
 19, 38, 1255
 28, 39, 1255
 33, 39, 1255
 28, 40, 1255
 14, 36, 1256
 17, 38, 1256
 10, 35, 1257
 15, 38, 1257
 16, 38, 1257
 25, 40, 1257
 30, 40, 1257
 18, 38, 1258
 40, 38, 1258
  2, 27, 1259
  1, 28, 1259
  6, 31, 1259
 36, 38, 1259
 37, 38, 1259
 33, 40, 1259
  8, 33, 1260
 34, 39, 1261
  7, 34, 1262
  3, 30, 1263
 13, 37, 1264
 15, 37, 1264
 36, 39, 1264
  1, 27, 1265
  2, 29, 1265
 17, 39, 1266
  7, 33, 1267
 19, 39, 1267
  1, 26, 1268
  6, 33, 1268
 38, 38, 1268
 10, 36, 1269
 23, 40, 1270
 18, 39, 1271
 31, 40, 1272
 34, 40, 1272
 21, 39, 1273
 20, 40, 1279
  7, 35, 1281
 11, 36, 1281
 32, 40, 1283
 36, 40, 1283
 16, 39, 1285
  5, 32, 1286
 12, 37, 1286
 19, 40, 1286
 14, 38, 1287
  1, 29, 1288
  3, 31, 1288
 15, 39, 1291
  4, 32, 1293
  9, 35, 1293
 29, 40, 1294
 10, 37, 1296
  4, 31, 1299
  9, 36, 1299
  4, 33, 1300
 11, 37, 1300
 13, 38, 1300
 18, 40, 1303
  8, 35, 1306
 12, 38, 1306
 39, 39, 1308
 22, 40, 1309
 39, 38, 1310
 35, 40, 1310
  6, 34, 1311
 38, 40, 1312
 11, 38, 1313
 21, 40, 1314
  2, 30, 1316
 11, 39, 1316
 14, 39, 1318
  3, 32, 1324
 15, 40, 1324
  5, 33, 1325
  5, 34, 1325
  6, 35, 1326
  8, 36, 1336
 13, 39, 1336
 37, 40, 1336
 16, 40, 1338
  2, 32, 1340
  2, 31, 1341
 40, 37, 1341
 17, 40, 1341
  1, 30, 1346
  9, 37, 1354
  5, 35, 1355
  6, 36, 1355
 38, 39, 1356
  4, 34, 1365
  1, 31, 1366
  9, 38, 1374
  3, 33, 1385
  2, 33, 1386
 40, 40, 1387
 40, 39, 1389
  8, 38, 1394
 12, 39, 1395
 39, 40, 1398
  3, 34, 1399
  7, 36, 1399
 10, 39, 1399
  8, 37, 1401
 14, 40, 1406
  7, 37, 1407
  3, 35, 1411
 13, 40, 1411
  1, 33, 1412
  4, 35, 1412
  6, 38, 1414
 10, 38, 1414
 12, 40, 1414
  4, 36, 1415
  9, 39, 1415
  5, 36, 1416
  6, 37, 1416
  1, 32, 1417
  9, 40, 1417
  2, 34, 1420
  2, 35, 1421
  5, 37, 1421
 10, 40, 1422
 11, 40, 1425
  7, 38, 1427
  8, 40, 1428
  1, 34, 1429
  3, 36, 1432
  3, 37, 1433
  8, 39, 1433
  4, 37, 1435
  6, 39, 1438
  5, 38, 1440
  2, 36, 1441
  4, 38, 1441
  4, 39, 1444
  5, 39, 1444
  5, 40, 1447
  1, 35, 1448
  7, 39, 1448
  1, 37, 1449
  2, 37, 1452
  7, 40, 1452
  6, 40, 1453
  3, 38, 1454
  1, 36, 1458
  2, 38, 1461
  4, 40, 1475
  2, 39, 1478
  3, 39, 1478
  2, 40, 1484
  1, 38, 1485
  3, 40, 1488
  1, 39, 1493
  1, 40, 1528
