31, 8,13, 6,3
 15, 31,  445
 11, 29,  446
 19, 29,  446
 14, 27,  447
 13, 28,  447
 14, 28,  447
 17, 30,  447
 16, 26,  448
 19, 30,  448
 11, 32,  448
 14, 32,  448
 16, 32,  448
 13, 33,  448
 12, 28,  449
 13, 31,  449
 15, 26,  450
 16, 28,  450
 13, 29,  450
 14, 29,  450
 15, 29,  450
 15, 30,  450
 16, 30,  450
  9, 32,  450
 12, 32,  450
 12, 25,  451
 11, 26,  451
  9, 27,  451
 13, 27,  451
 15, 28,  451
 17, 28,  451
 12, 30,  451
 16, 31,  451
 18, 31,  451
 13, 24,  452
 11, 27,  452
 16, 27,  452
 17, 27,  452
 18, 28,  452
 10, 29,  452
 12, 29,  452
 17, 29,  452
 13, 30,  452
 10, 31,  452
 12, 31,  452
 14, 31,  452
 15, 32,  452
 17, 32,  452
 17, 33,  452
 10, 34,  452
 18, 34,  452
 10, 25,  453
 14, 26,  453
 15, 27,  453
 10, 30,  453
 11, 30,  453
 18, 30,  453
 10, 32,  453
 11, 33,  453
 12, 33,  453
 16, 33,  453
 15, 34,  453
 10, 35,  453
 13, 25,  454
  9, 26,  454
 10, 26,  454
 12, 26,  454
  8, 28,  454
 11, 28,  454
 21, 29,  454
 11, 31,  454
 15, 33,  454
 15, 23,  455
  7, 25,  455
 14, 25,  455
 13, 26,  455
 18, 26,  455
 10, 27,  455
 18, 27,  455
  8, 29,  455
 14, 30,  455
 21, 30,  455
 17, 31,  455
 20, 31,  455
 13, 32,  455
 19, 32,  455
  8, 33,  455
 14, 33,  455
 13, 36,  455
 15, 25,  456
 19, 26,  456
 19, 27,  456
 10, 28,  456
 16, 29,  456
 20, 30,  456
  9, 31,  456
 19, 31,  456
 18, 32,  456
  9, 33,  456
 10, 33,  456
 12, 34,  456
 12, 35,  456
 13, 23,  457
 15, 24,  457
 20, 26,  457
  9, 28,  457
 18, 29,  457
  9, 30,  457
  8, 32,  457
 18, 33,  457
 20, 33,  457
 14, 24,  458
 17, 24,  458
 16, 25,  458
 12, 27,  458
 19, 28,  458
 21, 28,  458
  9, 29,  458
 20, 29,  458
  6, 30,  458
  8, 30,  458
  8, 31,  458
 21, 31,  458
 20, 32,  458
 11, 34,  458
 14, 34,  458
 20, 34,  458
  9, 35,  458
 16, 36,  458
 15, 22,  459
  7, 28,  459
 20, 28,  459
  7, 29,  459
 13, 34,  459
 16, 34,  459
 17, 34,  459
 11, 35,  459
 15, 35,  459
 17, 35,  459
 11, 36,  459
 12, 36,  459
 15, 37,  459
 12, 24,  460
  9, 25,  460
 17, 25,  460
  7, 26,  460
  8, 26,  460
 17, 26,  460
 21, 32,  460
 19, 33,  460
  8, 34,  460
  9, 34,  460
 14, 35,  460
 16, 35,  460
 10, 37,  460
 13, 22,  461
 10, 24,  461
 18, 24,  461
 11, 25,  461
 18, 25,  461
 22, 29,  461
  7, 30,  461
  8, 35,  461
 10, 36,  461
 14, 36,  461
 11, 24,  462
 16, 24,  462
 19, 25,  462
  7, 27,  462
 22, 28,  462
  6, 29,  462
  7, 31,  462
  7, 32,  462
  7, 33,  462
 13, 35,  462
 17, 36,  462
 16, 37,  462
 14, 23,  463
 16, 23,  463
  8, 24,  463
 20, 25,  463
 21, 27,  463
  6, 28,  463
  5, 30,  463
  6, 31,  463
 23, 32,  463
 12, 37,  463
  9, 23,  464
  8, 25,  464
  8, 27,  464
 22, 30,  464
 22, 32,  464
  5, 33,  464
  7, 34,  464
 19, 34,  464
 14, 37,  464
 12, 22,  465
 16, 22,  465
  8, 23,  465
 10, 23,  465
 12, 23,  465
 17, 23,  465
 21, 25,  465
  6, 27,  465
  5, 32,  465
 21, 34,  465
  7, 35,  465
  8, 36,  465
 13, 37,  465
 18, 37,  465
 15, 21,  466
 11, 22,  466
 19, 23,  466
 22, 27,  466
 22, 33,  466
 21, 35,  466
  7, 36,  466
 15, 36,  466
 18, 21,  467
 10, 22,  467
 14, 22,  467
 19, 22,  467
 11, 23,  467
 20, 23,  467
 21, 23,  467
  7, 24,  467
 19, 24,  467
  6, 25,  467
  6, 26,  467
 21, 26,  467
 21, 33,  467
 18, 35,  467
 19, 35,  467
  9, 36,  467
 17, 22,  468
  9, 24,  468
  5, 27,  468
 20, 27,  468
  5, 28,  468
  4, 30,  468
  6, 34,  468
 18, 36,  468
 19, 36,  468
 16, 38,  468
 10, 21,  469
 13, 21,  469
 17, 21,  469
 18, 23,  469
 20, 24,  469
 23, 29,  469
 22, 31,  469
 23, 31,  469
  6, 32,  469
 20, 37,  469
 10, 38,  469
 13, 38,  469
 16, 21,  470
  6, 24,  470
 22, 25,  470
  5, 26,  470
 22, 26,  470
  5, 29,  470
 24, 29,  470
  4, 32,  470
 20, 35,  470
 11, 37,  470
 14, 38,  470
 10, 39,  470
 13, 20,  471
 17, 20,  471
  9, 21,  471
  7, 22,  471
 21, 22,  471
  3, 27,  471
 23, 30,  471
  4, 31,  471
  6, 33,  471
 23, 33,  471
  5, 34,  471
 11, 38,  471
 11, 39,  471
 12, 21,  472
 14, 21,  472
  9, 22,  472
 21, 24,  472
 23, 26,  472
  4, 27,  472
  6, 35,  472
  6, 36,  472
 20, 36,  472
  8, 37,  472
 17, 37,  472
 21, 37,  472
 15, 38,  472
 15, 20,  473
  4, 29,  473
 24, 30,  473
  5, 31,  473
 24, 32,  473
 22, 34,  473
  5, 35,  473
  9, 37,  473
 19, 37,  473
 12, 20,  474
 23, 24,  474
 25, 29,  474
 24, 31,  474
 24, 34,  474
 14, 20,  475
 11, 21,  475
 20, 22,  475
  7, 23,  475
  5, 24,  475
  5, 25,  475
 23, 25,  475
  3, 28,  475
 24, 28,  475
  3, 30,  475
  4, 33,  475
 12, 38,  475
 18, 38,  475
 14, 19,  476
 16, 20,  476
  8, 21,  476
  6, 22,  476
 18, 22,  476
  5, 23,  476
 22, 24,  476
  4, 25,  476
 23, 27,  476
 23, 35,  476
  6, 37,  476
 17, 38,  476
 10, 19,  477
  8, 22,  477
  6, 23,  477
 22, 23,  477
  4, 26,  477
 24, 26,  477
 22, 35,  477
  9, 38,  477
 20, 38,  477
  8, 39,  477
 13, 39,  477
 17, 40,  477
 12, 19,  478
 10, 20,  478
 11, 20,  478
 19, 21,  478
 21, 21,  478
  5, 22,  478
 23, 23,  478
  3, 24,  478
 24, 25,  478
 24, 27,  478
 25, 31,  478
 26, 33,  478
  5, 36,  478
 21, 36,  478
  7, 37,  478
 13, 40,  478
  4, 28,  479
 23, 28,  479
 25, 30,  479
  3, 33,  479
  3, 34,  479
  4, 34,  479
 22, 36,  479
  8, 38,  479
 12, 39,  479
 11, 19,  480
 18, 20,  480
 20, 20,  480
 24, 23,  480
  4, 24,  480
 25, 26,  480
 26, 30,  480
  2, 31,  480
  3, 31,  480
  3, 32,  480
 14, 39,  480
 15, 39,  480
 11, 40,  480
 20, 21,  481
  3, 26,  481
  2, 29,  481
 23, 34,  481
  4, 35,  481
 24, 35,  481
  7, 38,  481
 11, 18,  482
 14, 18,  482
 13, 19,  482
 15, 19,  482
 22, 21,  482
 25, 28,  482
  9, 19,  483
 16, 19,  483
  7, 20,  483
  9, 20,  483
 19, 20,  483
  7, 21,  483
  3, 29,  483
  2, 30,  483
  1, 33,  483
  3, 35,  483
  4, 36,  483
 22, 37,  483
 19, 38,  483
 16, 39,  483
 17, 39,  483
 13, 18,  484
  6, 20,  484
 23, 22,  484
  3, 23,  484
 25, 32,  484
 24, 33,  484
 23, 37,  484
 12, 40,  484
 18, 40,  484
 26, 32,  485
 25, 35,  485
 21, 39,  485
 18, 19,  486
  8, 20,  486
 25, 25,  486
 25, 27,  486
 26, 29,  486
 27, 29,  486
 23, 36,  486
 22, 38,  486
 14, 40,  486
 15, 40,  486
 16, 40,  486
 17, 18,  487
 17, 19,  487
 19, 19,  487
  2, 25,  487
  3, 25,  487
 26, 31,  487
  2, 32,  487
  2, 33,  487
  9, 39,  487
 18, 39,  487
  9, 40,  487
  8, 19,  488
 22, 22,  488
  2, 27,  488
  1, 30,  488
 28, 32,  488
 21, 38,  488
  4, 23,  489
  2, 28,  489
 26, 28,  489
  2, 34,  489
 25, 34,  489
  5, 37,  489
  5, 38,  489
 10, 40,  489
 13, 17,  490
  2, 24,  490
 24, 24,  490
 25, 33,  490
  2, 35,  490
  5, 21,  491
 25, 23,  491
 25, 24,  491
 27, 28,  491
 27, 30,  491
 27, 32,  491
 23, 38,  491
 24, 38,  491
  7, 39,  491
 19, 39,  491
 16, 18,  492
 22, 20,  492
  1, 27,  492
 26, 27,  492
 15, 18,  493
 18, 18,  493
  7, 19,  493
 23, 21,  493
  1, 26,  493
  1, 29,  493
  3, 37,  493
  6, 38,  493
 20, 19,  494
 26, 25,  494
 24, 36,  494
  5, 39,  494
 20, 39,  494
 19, 40,  494
  9, 18,  495
 10, 18,  495
 19, 18,  495
  6, 19,  495
 27, 25,  495
  1, 32,  495
 26, 34,  495
 27, 34,  495
  6, 40,  495
 12, 18,  496
 21, 19,  496
  5, 20,  496
  2, 26,  496
 26, 26,  496
 25, 36,  496
  4, 37,  496
  8, 40,  496
 20, 40,  496
  8, 18,  497
 21, 20,  497
 23, 20,  497
  4, 22,  497
 26, 35,  497
  6, 39,  497
 22, 39,  497
 22, 19,  498
 24, 22,  498
 26, 36,  498
  4, 38,  498
 20, 18,  499
  6, 21,  499
 27, 26,  499
 28, 28,  499
 24, 37,  499
 16, 17,  500
  1, 28,  500
 28, 29,  500
 28, 31,  500
 17, 17,  501
  4, 21,  501
  3, 22,  501
 27, 27,  501
 27, 31,  501
 21, 40,  501
 15, 17,  502
 18, 17,  502
  5, 18,  502
  2, 22,  502
  1, 24,  502
 28, 30,  502
  1, 31,  502
 23, 39,  502
 11, 17,  503
 24, 21,  503
 27, 33,  503
 14, 17,  504
  3, 36,  504
 25, 37,  504
  6, 18,  505
  1, 34,  505
  1, 36,  505
 22, 40,  505
 26, 23,  506
  1, 25,  506
  2, 37,  506
  3, 21,  507
 28, 27,  507
 28, 33,  507
 21, 18,  508
 28, 34,  508
 27, 36,  508
 25, 38,  508
  7, 40,  508
 13, 16,  509
  2, 36,  509
  4, 39,  509
 25, 39,  509
  5, 40,  509
 12, 16,  510
 15, 16,  510
  9, 17,  510
 10, 17,  510
 12, 17,  510
 24, 20,  510
 26, 22,  510
 20, 17,  511
  1, 23,  511
  2, 23,  511
 26, 24,  511
 28, 25,  511
 13, 15,  512
  7, 17,  512
 21, 17,  512
  4, 20,  512
 27, 24,  512
 29, 30,  513
 28, 35,  513
 23, 40,  513
 19, 17,  514
 29, 34,  514
 26, 39,  514
  7, 18,  515
 25, 22,  515
  3, 40,  515
 19, 16,  516
 29, 29,  516
 24, 39,  516
 12, 15,  517
 17, 16,  517
  4, 19,  517
  5, 19,  517
 27, 22,  517
 28, 24,  517
  2, 38,  517
  4, 40,  517
 23, 19,  518
 25, 21,  518
 29, 26,  518
 29, 31,  518
 26, 37,  518
 26, 38,  518
  3, 20,  519
 29, 32,  519
 27, 35,  519
  3, 38,  519
 14, 16,  520
 22, 18,  520
 29, 27,  520
 10, 16,  521
 25, 20,  521
 29, 28,  521
  1, 35,  521
  8, 17,  522
 30, 30,  522
 25, 40,  522
 11, 16,  523
 23, 18,  523
  1, 22,  523
  1, 37,  523
  2, 39,  524
 24, 40,  524
 15, 15,  525
 28, 26,  525
 27, 23,  526
 11, 15,  527
 22, 16,  527
 29, 35,  527
  3, 39,  527
 16, 16,  528
 30, 27,  528
 18, 16,  529
  9, 16,  530
  1, 21,  530
 30, 32,  531
 28, 37,  531
 27, 38,  532
 24, 18,  533
 24, 19,  533
 26, 21,  533
 30, 28,  533
 14, 15,  534
 25, 19,  534
 26, 20,  534
 30, 33,  534
 16, 15,  535
 22, 17,  535
 29, 33,  535
 30, 29,  536
  4, 18,  537
 30, 35,  538
 27, 37,  538
  1, 38,  538
 29, 24,  539
  3, 19,  540
  2, 20,  540
 28, 23,  540
 29, 23,  540
  2, 21,  541
 31, 27,  542
 28, 36,  542
 30, 31,  545
 17, 15,  546
 20, 16,  546
  6, 17,  548
 20, 15,  549
  2, 19,  549
 31, 30,  549
 27, 39,  549
 18, 15,  551
 28, 21,  551
 10, 14,  552
  6, 16,  556
 31, 32,  556
 30, 34,  559
 28, 39,  560
 26, 40,  560
 16, 14,  563
  3, 18,  563
 31, 29,  563
 29, 36,  563
 28, 38,  563
  1, 39,  563
 21, 16,  565
 27, 21,  567
 27, 40,  568
  1, 20,  569
 28, 22,  569
 31, 28,  573
 29, 37,  581
 29, 22,  586
 10, 15,  589
 29, 25,  652
 19, 14,  677
 15, 14,  679
  4, 17,  679
 17, 14,  680
 31, 26,  680
  8, 16,  682
 23, 17,  684
 29, 38,  684
  1, 19,  688
 27, 20,  688
 12, 14,  689
 32, 30,  689
 14, 14,  691
 24, 17,  691
 27, 19,  692
 26, 19,  696
 31, 33,  697
  2, 40,  697
 19, 15,  698
 23, 16,  698
  9, 14,  699
  7, 16,  700
  9, 15,  701
 25, 18,  701
 28, 20,  701
 30, 25,  703
 31, 31,  703
 26, 18,  704
 13, 14,  705
  4, 16,  705
 28, 18,  705
 30, 24,  705
  6, 15,  706
 31, 25,  706
  5, 17,  707
  8, 15,  708
  2, 18,  708
 32, 27,  708
 18, 14,  709
 30, 37,  709
  7, 15,  710
 21, 15,  710
  3, 16,  710
 31, 35,  710
 30, 36,  710
 30, 26,  711
 12, 13,  712
 30, 23,  712
 15, 13,  713
 10, 13,  715
 25, 16,  715
  7, 14,  716
 25, 17,  716
 11, 14,  717
 24, 16,  717
  3, 17,  717
 31, 36,  717
 16, 13,  718
 20, 13,  718
 28, 19,  718
 14, 13,  719
 19, 13,  719
 21, 14,  719
 32, 31,  719
 31, 24,  720
 14, 12,  721
 17, 13,  721
  8, 14,  721
 20, 14,  721
  1, 18,  721
 32, 26,  721
 32, 33,  721
 31, 34,  721
 23, 15,  722
 32, 28,  722
 31, 22,  723
 13, 13,  724
  5, 15,  724
 24, 15,  724
 31, 23,  724
 33, 29,  724
  5, 16,  725
 32, 23,  725
 30, 38,  725
 26, 17,  726
 30, 21,  726
 32, 29,  726
 29, 39,  726
 22, 15,  727
 29, 40,  727
 12, 12,  728
 21, 13,  728
 24, 14,  728
 32, 32,  728
 30, 39,  728
 13, 12,  729
 19, 12,  729
  5, 14,  729
 29, 20,  729
 30, 22,  729
 32, 25,  729
  1, 17,  730
  2, 17,  730
 29, 21,  730
 18, 13,  731
 30, 20,  731
 33, 30,  731
 32, 34,  731
 16, 12,  732
  2, 16,  732
 27, 18,  732
 22, 14,  733
 10, 12,  734
  6, 14,  734
  4, 15,  734
 33, 32,  734
 29, 19,  735
 16, 11,  736
  9, 13,  736
 15, 12,  737
 26, 16,  737
 17, 12,  738
 18, 12,  738
 11, 13,  738
 28, 17,  738
 33, 25,  738
 31, 37,  738
 32, 24,  739
 32, 35,  739
 28, 40,  739
 33, 33,  740
 31, 39,  740
  8, 13,  741
  4, 14,  741
 27, 17,  741
 33, 28,  741
 34, 30,  742
 32, 36,  742
  8, 11,  743
 11, 12,  743
 22, 13,  743
 23, 13,  743
  8, 12,  744
 27, 16,  744
  3, 15,  745
 31, 38,  745
 21, 12,  746
  6, 13,  746
 23, 14,  746
 26, 14,  746
 34, 27,  746
  7, 13,  747
 25, 15,  747
 29, 18,  747
  9, 12,  748
 20, 12,  748
  3, 14,  748
 25, 14,  748
 34, 32,  748
 11, 11,  749
 26, 15,  749
 31, 21,  749
 32, 22,  749
 27, 15,  750
 31, 19,  750
 33, 26,  750
 33, 34,  751
  9, 11,  752
 13, 11,  752
 14, 11,  752
 31, 20,  752
 34, 31,  752
  5, 13,  753
  1, 16,  753
 30, 19,  753
 33, 27,  753
 35, 27,  753
 30, 40,  753
 10, 11,  754
 15, 11,  754
 21, 11,  754
  4, 13,  754
  1, 15,  754
 35, 32,  754
 28, 16,  755
  2, 15,  756
 29, 16,  756
 30, 17,  756
 33, 22,  756
 24, 13,  757
 27, 14,  757
 33, 24,  757
 34, 25,  757
 12, 11,  758
  2, 14,  758
 33, 23,  758
 33, 31,  758
 34, 37,  758
  1, 40,  758
 34, 28,  760
 17, 11,  762
 29, 17,  762
 33, 36,  762
 22, 12,  763
 30, 18,  763
 34, 34,  763
 18, 11,  764
  5, 12,  764
  7, 12,  764
 34, 23,  764
 33, 35,  764
 34, 35,  764
 13, 10,  765
 16, 10,  765
 17, 10,  765
 33, 37,  765
 15, 10,  766
  6, 12,  766
 18, 10,  767
 32, 21,  767
 35, 25,  767
 35, 31,  767
 13,  9,  768
 11, 10,  768
 12, 10,  768
 25, 13,  768
 32, 20,  768
 34, 29,  768
 35, 28,  769
 32, 39,  769
 19, 11,  770
 35, 33,  770
 11,  9,  771
 20, 11,  771
 23, 12,  771
 26, 13,  771
 33, 20,  771
 33, 21,  772
 34, 24,  773
 35, 29,  773
 32, 19,  774
 34, 26,  774
 20, 10,  775
 21, 10,  775
 25, 11,  775
 24, 12,  775
 28, 15,  775
 27, 13,  776
 31, 40,  776
 30, 16,  777
 14,  9,  778
  9, 10,  778
 34, 33,  778
 36, 29,  779
 35, 36,  779
 14, 10,  780
 31, 17,  781
  1, 14,  782
 34, 21,  782
 32, 37,  782
 32, 38,  782
 26, 12,  783
 29, 14,  783
 31, 18,  784
 33, 18,  784
 22, 11,  785
 35, 34,  785
 32, 40,  785
 35, 30,  786
 28, 13,  787
 28, 14,  787
 22, 10,  788
  6, 11,  788
 25, 12,  788
  3, 13,  788
 33, 38,  789
  8, 10,  790
  5, 11,  790
 33, 19,  790
 24, 11,  791
 35, 24,  792
 18,  9,  793
  7, 11,  793
 35, 26,  793
 33, 39,  793
 10, 10,  795
 35, 35,  795
 15,  8,  796
 36, 33,  796
 19,  9,  798
 23, 11,  798
 35, 23,  798
 36, 28,  798
 36, 24,  799
 15,  9,  800
 16,  9,  800
 12,  9,  801
 34, 20,  801
  4, 12,  802
 34, 36,  802
 34, 22,  803
 36, 32,  804
 34, 38,  804
  7, 10,  806
 20,  9,  809
 17,  9,  810
  6, 10,  810
 32, 18,  810
 36, 31,  810
  7,  9,  815
 29, 15,  815
 36, 26,  815
 37, 26,  816
 31, 15,  825
 36, 22,  826
 35, 38,  827
 37, 30,  828
 26, 11,  829
 37, 36,  832
  5, 10,  833
  2, 12,  836
 23, 10,  837
 37, 33,  846
 36, 37,  847
 35, 37,  867
 19, 10,  880
 32, 17,  886
 35, 22,  886
  3, 12,  888
 11,  8,  889
 27, 12,  890
 33, 40,  890
 21,  9,  894
 30, 15,  894
 10,  9,  895
 36, 27,  896
 36, 30,  897
 24, 10,  898
 25, 10,  898
  1, 13,  898
  9,  8,  899
 17,  8,  899
  8,  9,  899
 32, 16,  900
 35, 21,  900
  8,  8,  901
 36, 34,  901
 35, 39,  901
 37, 29,  902
 16,  8,  903
  2, 11,  903
 31, 16,  903
 30, 14,  904
 18,  8,  905
 29, 13,  905
 20,  8,  906
  3, 11,  906
 37, 34,  906
 35, 19,  907
 36, 36,  907
  2, 13,  908
 12,  8,  909
 37, 24,  909
 37, 31,  909
 13,  8,  910
 14,  8,  910
 33, 17,  910
 34, 18,  910
 34, 39,  910
 23,  9,  911
 37, 27,  911
 10,  8,  912
 28, 12,  912
 36, 23,  912
  9,  9,  913
 22,  9,  913
 32, 15,  913
 34, 19,  913
 36, 25,  913
 13,  7,  914
 14,  7,  914
 36, 21,  914
  6,  9,  915
  4, 11,  915
 27, 11,  915
 37, 25,  915
 21,  8,  916
  3, 10,  917
  1, 11,  918
 19,  8,  919
  4, 10,  919
 29, 12,  919
  7,  7,  920
  1, 12,  921
 11,  7,  922
 17,  7,  922
 19,  7,  922
  4,  9,  922
 38, 29,  922
 18,  7,  923
 35, 20,  923
 36, 20,  923
 39, 31,  923
 37, 28,  924
 22,  8,  925
  5,  9,  925
 30, 13,  925
 15,  7,  926
 21,  7,  926
  6,  8,  926
 34, 17,  926
 37, 23,  926
 38, 30,  926
 39, 30,  926
 34, 40,  926
 16,  6,  927
 23,  8,  927
  2, 10,  927
 33, 15,  927
 38, 32,  927
 36, 35,  927
 38, 36,  927
 24,  9,  928
 28, 11,  928
 13,  6,  929
 29, 10,  929
 37, 21,  929
 37, 22,  929
 36, 38,  929
 32, 14,  930
 38, 31,  930
 38, 33,  930
 16,  7,  931
  2,  8,  931
  7,  8,  931
 37, 32,  931
 37, 37,  931
 35, 18,  932
 18,  6,  933
  9,  7,  933
 26, 10,  933
 28, 10,  933
 31, 14,  933
 39, 23,  933
 12,  7,  934
 20,  7,  934
 33, 16,  934
 38, 26,  934
 38, 34,  934
 37, 35,  934
  4,  8,  935
 30, 12,  935
 39, 27,  935
 35, 40,  935
  6,  7,  936
 10,  7,  936
 29, 11,  936
 31, 13,  936
 11,  6,  937
  5,  8,  937
 38, 24,  937
  8,  7,  938
 24,  8,  938
 25,  9,  938
 12,  6,  939
 26,  9,  939
 39, 32,  939
 14,  5,  940
 30, 11,  940
 10,  6,  941
 25,  8,  941
  3,  9,  941
 33, 14,  941
 36, 19,  941
 38, 25,  941
 39, 29,  941
 36, 39,  941
 17,  5,  942
 15,  6,  942
 22,  7,  942
 26,  8,  942
 34, 16,  942
 14,  6,  943
 21,  6,  943
 22,  6,  943
 29,  9,  943
 35, 17,  943
 36, 17,  943
 38, 35,  943
 16,  5,  944
 18,  5,  944
  9,  6,  944
 17,  6,  944
 19,  6,  944
 28,  9,  944
 27, 10,  944
 31, 11,  944
 38, 21,  944
 39, 26,  944
 38, 27,  944
 38, 28,  944
 39, 28,  944
 39, 33,  944
 38, 37,  944
 37, 38,  944
  8,  6,  945
 24,  7,  945
 27,  8,  945
 32, 13,  945
 36, 18,  945
 13,  5,  946
 19,  5,  946
  2,  9,  946
  1, 10,  946
 39, 25,  946
 36, 40,  946
 20,  6,  947
 40, 32,  947
 39, 37,  947
 27,  9,  948
  5,  7,  949
  1,  9,  949
 33, 13,  949
 38, 23,  949
 20,  5,  950
  6,  6,  950
 23,  6,  950
  4,  7,  950
 30, 10,  950
 35, 16,  950
  3,  7,  951
 23,  7,  951
 32, 12,  951
 38, 20,  951
 39, 34,  951
 39, 36,  951
 38, 38,  951
  9,  5,  952
  3,  8,  952
 34, 15,  952
 37, 20,  952
 28,  8,  953
 37, 18,  953
 37, 19,  953
 39, 22,  953
 40, 27,  953
 40, 31,  953
 40, 35,  953
 16,  4,  954
 24,  6,  954
 31, 12,  954
 34, 14,  954
 35, 15,  954
 38, 22,  954
 37, 39,  954
 10,  5,  955
 39, 24,  955
 40, 33,  955
  7,  6,  956
 37, 17,  956
 40, 29,  956
 25,  6,  957
 37, 16,  957
 18,  4,  958
 12,  5,  958
 15,  5,  958
 22,  5,  958
 26,  7,  958
 33, 12,  958
 34, 12,  958
 38, 19,  958
 13,  4,  959
 21,  4,  959
 25,  7,  959
 32, 11,  959
 39, 21,  959
 40, 24,  959
 40, 28,  959
 15,  4,  960
 19,  4,  960
 40, 23,  960
  5,  5,  961
 11,  5,  961
 23,  5,  961
 34, 13,  961
 35, 14,  961
 36, 16,  961
 40, 21,  961
 39, 38,  961
 37, 40,  961
 12,  4,  962
  8,  5,  962
  5,  6,  962
 38, 17,  962
 39, 20,  962
  8,  4,  963
 29,  8,  963
 40, 25,  963
  6,  5,  964
  1,  8,  964
 31, 10,  964
 34, 11,  964
  7,  4,  965
 11,  4,  965
 35, 13,  965
 39, 19,  965
 40, 26,  965
 40, 34,  965
 38, 39,  965
 10,  4,  966
 33, 11,  966
 38, 18,  966
 14,  4,  967
  7,  5,  967
 26,  6,  967
 31,  9,  967
 32, 10,  967
 36, 15,  967
 39, 39,  967
 15,  3,  968
 28,  7,  968
 31,  8,  968
 40, 22,  968
 40, 30,  968
 39, 35,  968
 40, 37,  969
 13,  3,  970
 17,  4,  970
 24,  4,  970
 21,  5,  970
 27,  6,  970
 39, 18,  970
  9,  4,  971
 25,  5,  971
 33, 10,  971
 37, 15,  971
 40, 19,  971
  2,  6,  972
  4,  6,  972
 11,  3,  973
 14,  3,  973
  2,  7,  973
 30,  9,  973
 36, 14,  973
 40, 20,  973
 38, 40,  973
 16,  2,  974
 10,  3,  974
  5,  4,  974
 24,  5,  974
 16,  3,  975
  6,  4,  975
 20,  4,  975
  1,  7,  975
 30,  8,  975
 40, 38,  975
  4,  5,  976
 38, 16,  976
 17,  3,  977
  3,  4,  977
  3,  6,  977
 29,  6,  977
 36, 13,  977
 40, 18,  977
 40, 36,  977
 18,  3,  978
 17,  2,  979
 30,  7,  979
 32,  9,  979
 39, 16,  979
 27,  7,  980
 35, 10,  980
 12,  2,  981
  6,  3,  981
 12,  3,  981
  3,  5,  981
 35, 11,  981
 37, 14,  981
 10,  2,  983
  8,  3,  983
 15,  2,  984
  7,  3,  984
 22,  4,  984
 23,  4,  984
 26,  5,  984
 35, 12,  984
 23,  3,  985
 34, 10,  985
 20,  3,  986
 28,  6,  986
 36, 11,  986
 40, 16,  986
 19,  3,  987
 37, 13,  987
 12,  1,  988
 13,  2,  988
  1,  6,  988
 32,  8,  988
 40, 40,  988
 22,  3,  989
 25,  4,  989
 38, 14,  989
 39, 17,  989
 40, 39,  989
 29,  7,  991
 38, 15,  991
 39, 40,  991
 21,  3,  992
 14,  2,  993
 25,  3,  993
  4,  4,  993
 27,  5,  993
 30,  6,  993
 40, 17,  993
  5,  3,  994
 36, 12,  994
 18,  2,  996
  8,  2,  997
  4,  3,  997
  2,  5,  997
 20,  2,  998
 28,  5,  998
 33,  8,  998
 14,  1,  999
  6,  2,  999
 22,  2,  999
  9,  3,  999
 26,  4,  999
 28,  4, 1000
 29,  5, 1000
 31,  6, 1000
 31,  7, 1000
 24,  3, 1001
 26,  3, 1001
 27,  3, 1002
 32,  7, 1002
 33,  9, 1002
 15,  1, 1003
 27,  4, 1003
 39, 15, 1003
 11,  1, 1004
 11,  2, 1004
 34,  9, 1004
  7,  1, 1006
 21,  2, 1006
 36, 10, 1006
 20,  1, 1007
  1,  4, 1007
 29,  4, 1007
 33,  7, 1007
 37, 11, 1008
 38, 12, 1008
  1,  5, 1009
 31,  5, 1009
 16,  1, 1010
 13,  1, 1011
  2,  4, 1011
 30,  5, 1011
 37, 12, 1011
 40, 14, 1011
 17,  1, 1012
  4,  2, 1012
 19,  2, 1012
 23,  2, 1012
 10,  1, 1013
 38, 13, 1013
  5,  2, 1014
 40, 15, 1014
  2,  3, 1015
  6,  1, 1016
 35,  9, 1016
 34,  7, 1017
 37, 10, 1018
 39, 13, 1018
 22,  1, 1019
  9,  2, 1019
 34,  8, 1020
 18,  1, 1023
 36,  9, 1023
  5,  1, 1024
  8,  1, 1024
  1,  3, 1025
 32,  5, 1025
  7,  2, 1026
 39, 14, 1026
  9,  1, 1027
 38, 11, 1031
 24,  2, 1032
 32,  6, 1032
 25,  2, 1033
  3,  3, 1034
 19,  1, 1037
 23,  1, 1037
 28,  3, 1037
 35,  8, 1037
  3,  2, 1038
 26,  2, 1038
 36,  8, 1038
 21,  1, 1039
  4,  1, 1040
 40, 13, 1040
 33,  6, 1041
 35,  7, 1048
 29,  3, 1049
  2,  2, 1052
 30,  4, 1055
 24,  1, 1059
 39, 10, 1061
 27,  2, 1062
 32,  4, 1064
 31,  4, 1066
 25,  1, 1070
 40, 12, 1072
 36,  6, 1073
 37,  9, 1074
  3,  1, 1075
 34,  6, 1075
 29,  2, 1078
 38, 10, 1080
 39, 11, 1093
 37,  8, 1109
 28,  1, 1132
 35,  6, 1155
 30,  3, 1158
 33,  4, 1161
 28,  2, 1163
 34,  5, 1163
 40, 11, 1163
 39, 12, 1163
 34,  4, 1174
  2,  1, 1177
 38,  9, 1177
 36,  7, 1178
 27,  1, 1179
 33,  5, 1185
 26,  1, 1188
 35,  5, 1190
 29,  1, 1191
 31,  3, 1191
 40, 10, 1191
 37,  7, 1193
 30,  2, 1196
 33,  3, 1199
 40,  8, 1200
  1,  1, 1201
 32,  3, 1203
 39,  9, 1203
 31,  2, 1205
 32,  2, 1207
 38,  8, 1208
 30,  1, 1209
 37,  6, 1211
 35,  4, 1212
 38,  6, 1218
 36,  5, 1223
 39,  8, 1224
  1,  2, 1226
 38,  7, 1228
 31,  1, 1229
 38,  5, 1229
 39,  7, 1229
 34,  2, 1230
 34,  3, 1231
 35,  3, 1238
 40,  9, 1238
 33,  1, 1239
 34,  1, 1240
 33,  2, 1242
 37,  5, 1242
 37,  4, 1246
 40,  7, 1248
 36,  4, 1251
 35,  2, 1252
 32,  1, 1255
 36,  3, 1255
 39,  6, 1264
 40,  6, 1266
 35,  1, 1271
 39,  5, 1279
 37,  3, 1286
 38,  4, 1295
 36,  2, 1302
 38,  3, 1312
 36,  1, 1339
 38,  2, 1343
 39,  4, 1344
 39,  3, 1345
 40,  4, 1347
 37,  2, 1351
 37,  1, 1360
 40,  5, 1363
 39,  2, 1378
 38,  1, 1386
 40,  3, 1386
 39,  1, 1399
 40,  2, 1402
 40,  1, 1406
