33, 5,33,16,3
 14, 27,  446
 12, 30,  446
 13, 31,  446
 33, 34,  446
 14, 30,  447
 10, 31,  447
 15, 31,  447
 14, 33,  447
 25, 29,  448
 10, 30,  448
 11, 31,  448
 12, 31,  448
 29, 32,  448
 32, 32,  448
 33, 32,  448
 27, 33,  448
 30, 34,  448
 13, 28,  449
 30, 28,  449
  9, 29,  449
 12, 29,  449
 32, 29,  449
 30, 30,  449
 25, 31,  449
 28, 31,  449
 35, 32,  449
 15, 33,  449
 26, 35,  449
 29, 35,  449
 30, 27,  450
  8, 28,  450
 14, 28,  450
 23, 28,  450
 25, 28,  450
 31, 28,  450
 10, 29,  450
 11, 29,  450
 13, 29,  450
 14, 29,  450
 28, 29,  450
 29, 29,  450
 11, 30,  450
 15, 30,  450
 29, 30,  450
 14, 31,  450
  7, 32,  450
 12, 32,  450
 22, 32,  450
 30, 32,  450
 17, 33,  450
 23, 33,  450
 10, 34,  450
 22, 34,  450
 23, 34,  450
 29, 34,  450
 23, 35,  450
 11, 27,  451
 16, 29,  451
 21, 29,  451
 27, 29,  451
 30, 29,  451
 13, 30,  451
 16, 30,  451
 20, 30,  451
 21, 30,  451
 17, 31,  451
 23, 31,  451
  8, 32,  451
 11, 32,  451
 18, 32,  451
 19, 32,  451
 21, 32,  451
 24, 32,  451
 27, 32,  451
 28, 32,  451
  8, 33,  451
  9, 33,  451
 16, 33,  451
 32, 33,  451
  8, 34,  451
 19, 34,  451
 16, 24,  452
 24, 25,  452
 12, 26,  452
 15, 26,  452
 26, 27,  452
 28, 27,  452
 12, 28,  452
 29, 28,  452
 35, 28,  452
 17, 29,  452
 19, 29,  452
 24, 29,  452
 26, 29,  452
 31, 29,  452
 18, 30,  452
 28, 30,  452
 31, 30,  452
 32, 30,  452
 18, 31,  452
 29, 31,  452
  9, 32,  452
 31, 32,  452
  7, 33,  452
 13, 33,  452
 24, 33,  452
 25, 33,  452
 30, 33,  452
 33, 33,  452
 14, 34,  452
 20, 34,  452
 24, 34,  452
 31, 34,  452
  7, 35,  452
 13, 36,  452
 32, 36,  452
 20, 24,  453
 12, 25,  453
 14, 25,  453
 15, 25,  453
 17, 25,  453
 23, 25,  453
 33, 25,  453
 24, 26,  453
 28, 26,  453
 29, 26,  453
  8, 27,  453
 12, 27,  453
 13, 27,  453
 22, 27,  453
 25, 27,  453
 11, 28,  453
 17, 28,  453
 22, 28,  453
  7, 30,  453
  9, 30,  453
 17, 30,  453
 26, 30,  453
 27, 30,  453
 33, 30,  453
 36, 30,  453
 16, 31,  453
 21, 31,  453
 13, 32,  453
 16, 32,  453
 10, 33,  453
 11, 33,  453
 18, 33,  453
 19, 33,  453
 26, 33,  453
 28, 33,  453
 29, 33,  453
 31, 33,  453
 11, 34,  453
 17, 34,  453
 26, 34,  453
 28, 34,  453
 15, 35,  453
 22, 36,  453
 12, 38,  453
 23, 22,  454
 22, 23,  454
 23, 24,  454
 19, 25,  454
 22, 25,  454
 26, 25,  454
 27, 25,  454
 28, 25,  454
 31, 25,  454
 35, 25,  454
 14, 26,  454
 16, 27,  454
 17, 27,  454
 24, 27,  454
 31, 27,  454
  7, 28,  454
 10, 28,  454
 26, 28,  454
  7, 29,  454
 15, 29,  454
 34, 29,  454
  8, 30,  454
 19, 30,  454
 23, 30,  454
  4, 31,  454
  8, 31,  454
 19, 31,  454
 22, 31,  454
 24, 31,  454
 32, 31,  454
 33, 31,  454
 34, 31,  454
 17, 32,  454
 20, 32,  454
 26, 32,  454
 36, 32,  454
 12, 33,  454
 13, 34,  454
 18, 34,  454
  9, 35,  454
 13, 35,  454
 16, 35,  454
 25, 35,  454
  8, 36,  454
 30, 36,  454
 14, 37,  454
 33, 38,  454
 22, 21,  455
 21, 22,  455
 25, 22,  455
 12, 23,  455
 22, 24,  455
 25, 24,  455
 28, 24,  455
 13, 25,  455
 16, 25,  455
 11, 26,  455
 13, 26,  455
 16, 26,  455
 17, 26,  455
 23, 26,  455
 31, 26,  455
  7, 27,  455
  9, 27,  455
 10, 27,  455
 15, 27,  455
 19, 27,  455
 29, 27,  455
 35, 27,  455
 16, 28,  455
 19, 28,  455
 20, 28,  455
 21, 28,  455
 32, 28,  455
 18, 29,  455
 20, 29,  455
 23, 29,  455
  9, 31,  455
 20, 31,  455
 27, 31,  455
 30, 31,  455
 31, 31,  455
 37, 32,  455
 35, 33,  455
 12, 34,  455
 15, 34,  455
 16, 34,  455
  8, 35,  455
 10, 35,  455
 11, 35,  455
 12, 35,  455
 20, 35,  455
 27, 35,  455
 30, 35,  455
 15, 36,  455
 28, 36,  455
 24, 21,  456
 18, 22,  456
 15, 23,  456
 17, 23,  456
 18, 23,  456
 20, 23,  456
 25, 23,  456
 15, 24,  456
 24, 24,  456
 26, 24,  456
 20, 25,  456
 21, 25,  456
 20, 27,  456
 27, 27,  456
 32, 27,  456
  9, 28,  456
 15, 28,  456
 24, 28,  456
 33, 28,  456
 33, 29,  456
 22, 30,  456
 35, 30,  456
 10, 32,  456
 15, 32,  456
 23, 32,  456
 34, 32,  456
  6, 33,  456
 20, 33,  456
 34, 33,  456
 25, 34,  456
 27, 34,  456
 32, 34,  456
 35, 34,  456
 14, 35,  456
 18, 35,  456
 11, 36,  456
 14, 36,  456
 20, 36,  456
 17, 37,  456
 21, 37,  456
 23, 18,  457
 21, 19,  457
 28, 19,  457
 26, 22,  457
 16, 23,  457
 26, 23,  457
 11, 25,  457
 18, 25,  457
 25, 25,  457
 19, 26,  457
 22, 26,  457
 26, 26,  457
 30, 26,  457
 18, 27,  457
 22, 29,  457
 36, 29,  457
  6, 30,  457
 24, 30,  457
 25, 30,  457
 26, 31,  457
 36, 31,  457
 14, 32,  457
 25, 32,  457
  5, 33,  457
 21, 33,  457
 22, 33,  457
  9, 34,  457
 17, 35,  457
 21, 35,  457
 34, 35,  457
 18, 36,  457
 19, 36,  457
 21, 36,  457
 26, 36,  457
 31, 36,  457
 12, 37,  457
 22, 37,  457
 25, 37,  457
 26, 18,  458
 16, 20,  458
 26, 20,  458
 16, 21,  458
 19, 22,  458
 22, 22,  458
 28, 22,  458
 19, 23,  458
 21, 23,  458
 23, 23,  458
 17, 24,  458
 19, 24,  458
 27, 24,  458
 34, 25,  458
  6, 26,  458
  9, 26,  458
 10, 26,  458
 25, 26,  458
 27, 26,  458
 32, 26,  458
 23, 27,  458
 18, 28,  458
 27, 28,  458
 28, 28,  458
 34, 28,  458
 38, 28,  458
  8, 29,  458
  7, 31,  458
  7, 34,  458
 34, 34,  458
 31, 35,  458
 32, 35,  458
 36, 35,  458
  7, 36,  458
 10, 36,  458
  9, 37,  458
 15, 38,  458
 24, 38,  458
 24, 19,  459
 20, 21,  459
 23, 21,  459
 25, 21,  459
 13, 22,  459
 16, 22,  459
 20, 22,  459
 24, 22,  459
 14, 23,  459
 27, 23,  459
 29, 23,  459
 30, 23,  459
 10, 24,  459
 11, 24,  459
 13, 24,  459
 18, 24,  459
 30, 24,  459
 10, 25,  459
 21, 26,  459
 34, 26,  459
 21, 27,  459
  6, 28,  459
 37, 30,  459
  4, 32,  459
 37, 33,  459
  6, 34,  459
 22, 35,  459
  6, 36,  459
 12, 36,  459
 16, 36,  459
 17, 36,  459
 27, 36,  459
  8, 37,  459
 18, 37,  459
 29, 37,  459
 30, 37,  459
 26, 38,  459
 32, 38,  459
 17, 19,  460
 15, 20,  460
 24, 20,  460
 18, 21,  460
 17, 22,  460
 32, 23,  460
  7, 24,  460
 12, 24,  460
 14, 24,  460
 21, 24,  460
 29, 24,  460
 31, 24,  460
 32, 24,  460
  8, 26,  460
 33, 27,  460
 34, 27,  460
  5, 29,  460
 35, 31,  460
 37, 31,  460
  6, 32,  460
 36, 34,  460
 19, 35,  460
 24, 35,  460
 28, 35,  460
 33, 35,  460
  9, 36,  460
 23, 36,  460
 24, 36,  460
 25, 36,  460
 29, 36,  460
 34, 36,  460
 16, 37,  460
 10, 38,  460
 27, 38,  460
 28, 38,  460
 20, 16,  461
 19, 18,  461
 21, 18,  461
 15, 19,  461
 14, 20,  461
 21, 20,  461
 22, 20,  461
 28, 20,  461
 13, 21,  461
 19, 21,  461
 21, 21,  461
 26, 21,  461
 27, 21,  461
 28, 21,  461
 12, 22,  461
 14, 22,  461
 27, 22,  461
 13, 23,  461
 28, 23,  461
  8, 25,  461
 18, 26,  461
 20, 26,  461
 35, 26,  461
  5, 27,  461
  6, 29,  461
 35, 29,  461
  5, 31,  461
  6, 31,  461
 21, 34,  461
  5, 35,  461
 11, 37,  461
 20, 37,  461
 23, 37,  461
 26, 37,  461
 27, 37,  461
 31, 37,  461
 32, 37,  461
 36, 37,  461
  8, 38,  461
 23, 38,  461
 21, 16,  462
 18, 18,  462
 19, 19,  462
 22, 19,  462
 27, 20,  462
 15, 21,  462
 17, 21,  462
 29, 21,  462
 15, 22,  462
 29, 22,  462
 29, 25,  462
 30, 25,  462
 33, 26,  462
 37, 27,  462
 36, 28,  462
  5, 30,  462
 39, 30,  462
 38, 32,  462
 36, 33,  462
 37, 34,  462
 35, 35,  462
  4, 36,  462
 33, 36,  462
 13, 37,  462
 19, 37,  462
 28, 37,  462
 18, 38,  462
 31, 38,  462
 17, 39,  462
 23, 16,  463
 17, 18,  463
 20, 18,  463
 18, 19,  463
 13, 20,  463
 17, 20,  463
 18, 20,  463
 19, 20,  463
 25, 20,  463
 11, 21,  463
 14, 21,  463
 32, 21,  463
 11, 23,  463
 24, 23,  463
 33, 24,  463
  9, 25,  463
 34, 30,  463
 38, 31,  463
  5, 32,  463
  3, 34,  463
  4, 34,  463
  5, 34,  463
  7, 37,  463
 15, 37,  463
 33, 37,  463
  9, 38,  463
 35, 38,  463
 16, 39,  463
 25, 40,  463
 23, 17,  464
 26, 17,  464
 16, 18,  464
 24, 18,  464
 25, 18,  464
 23, 19,  464
 20, 20,  464
  9, 21,  464
 31, 21,  464
 10, 23,  464
  9, 24,  464
 36, 24,  464
  3, 28,  464
  4, 28,  464
  5, 28,  464
  3, 31,  464
 38, 33,  464
 38, 34,  464
  6, 35,  464
 37, 36,  464
 10, 37,  464
 24, 37,  464
 16, 38,  464
 21, 38,  464
 25, 38,  464
 30, 38,  464
 34, 38,  464
 14, 39,  464
 18, 16,  465
 22, 17,  465
 22, 18,  465
 27, 18,  465
 20, 19,  465
 30, 19,  465
  9, 20,  465
 23, 20,  465
 30, 21,  465
  7, 23,  465
 34, 23,  465
  6, 24,  465
  5, 25,  465
  7, 25,  465
 32, 25,  465
  7, 26,  465
  6, 27,  465
  4, 29,  465
  4, 30,  465
  3, 33,  465
 38, 35,  465
 35, 36,  465
  7, 38,  465
 11, 38,  465
 13, 38,  465
 19, 38,  465
 13, 39,  465
 26, 39,  465
 16, 40,  465
 17, 17,  466
 21, 17,  466
 15, 18,  466
 26, 19,  466
 11, 20,  466
 30, 22,  466
 31, 22,  466
 33, 23,  466
  8, 24,  466
 36, 26,  466
  4, 27,  466
 36, 27,  466
 38, 30,  466
 39, 32,  466
  4, 33,  466
  4, 35,  466
 37, 35,  466
  5, 36,  466
  5, 37,  466
 34, 37,  466
 14, 38,  466
 29, 38,  466
 11, 39,  466
 15, 39,  466
 23, 39,  466
 28, 39,  466
 30, 39,  466
 22, 16,  467
 24, 16,  467
 19, 17,  467
 25, 17,  467
 27, 17,  467
 30, 18,  467
 16, 19,  467
 25, 19,  467
 29, 20,  467
 11, 22,  467
 31, 23,  467
 35, 24,  467
  6, 25,  467
  4, 26,  467
  3, 29,  467
  2, 30,  467
  3, 32,  467
 39, 34,  467
 19, 39,  467
 29, 39,  467
 13, 40,  467
 23, 15,  468
 17, 16,  468
 25, 16,  468
 24, 17,  468
 13, 18,  468
 12, 21,  468
  8, 22,  468
  9, 22,  468
 34, 22,  468
  8, 23,  468
 34, 24,  468
  5, 26,  468
 37, 28,  468
 38, 29,  468
  2, 31,  468
 39, 31,  468
  2, 34,  468
  2, 35,  468
  6, 37,  468
  5, 38,  468
  6, 38,  468
  6, 39,  468
 10, 39,  468
 35, 39,  468
 15, 40,  468
 22, 40,  468
 26, 14,  469
 19, 15,  469
 27, 15,  469
 16, 17,  469
 20, 17,  469
 28, 18,  469
 12, 19,  469
 27, 19,  469
 10, 20,  469
 12, 20,  469
 31, 20,  469
 10, 22,  469
 39, 28,  469
 37, 29,  469
 35, 37,  469
 22, 38,  469
 18, 39,  469
 21, 39,  469
 24, 39,  469
 27, 39,  469
 32, 39,  469
 32, 40,  469
 21, 14,  470
 22, 15,  470
 25, 15,  470
 14, 16,  470
 15, 16,  470
 13, 19,  470
 30, 20,  470
 34, 21,  470
 36, 22,  470
  9, 23,  470
 37, 26,  470
 38, 26,  470
 38, 27,  470
  3, 30,  470
 40, 33,  470
 36, 36,  470
 39, 36,  470
 37, 37,  470
  8, 39,  470
 12, 39,  470
 22, 39,  470
 31, 39,  470
 18, 40,  470
 21, 40,  470
 29, 40,  470
 31, 40,  470
 25, 14,  471
 18, 17,  471
 29, 19,  471
 32, 20,  471
 10, 21,  471
 33, 21,  471
  4, 25,  471
  3, 27,  471
 39, 27,  471
  2, 28,  471
 40, 30,  471
  1, 32,  471
 38, 36,  471
  9, 39,  471
 25, 39,  471
 27, 40,  471
 21, 13,  472
 17, 15,  472
 18, 15,  472
 20, 15,  472
 26, 15,  472
 26, 16,  472
 15, 17,  472
 28, 17,  472
 29, 18,  472
 11, 19,  472
 33, 20,  472
 33, 22,  472
 36, 25,  472
 38, 25,  472
  2, 29,  472
 40, 29,  472
  2, 33,  472
  2, 36,  472
 39, 37,  472
  4, 38,  472
 17, 38,  472
 20, 38,  472
 20, 39,  472
 34, 39,  472
  9, 40,  472
 19, 40,  472
 35, 40,  472
 16, 14,  473
 21, 15,  473
 29, 15,  473
 16, 16,  473
 27, 16,  473
 28, 16,  473
 32, 19,  473
  8, 20,  473
  7, 21,  473
  7, 22,  473
  4, 24,  473
  2, 25,  473
  1, 33,  473
 39, 33,  473
 40, 34,  473
  4, 37,  473
 36, 38,  473
  7, 40,  473
 20, 40,  473
 23, 40,  473
 20, 14,  474
 16, 15,  474
 14, 18,  474
 10, 19,  474
 14, 19,  474
 32, 22,  474
 35, 22,  474
 35, 23,  474
 36, 23,  474
  5, 24,  474
 37, 24,  474
 38, 24,  474
 39, 26,  474
 40, 31,  474
  3, 36,  474
 37, 38,  474
 37, 39,  474
 10, 40,  474
 11, 40,  474
 12, 40,  474
 26, 40,  474
 28, 40,  474
 30, 40,  474
 24, 13,  475
 19, 14,  475
 19, 16,  475
 12, 17,  475
 14, 17,  475
 12, 18,  475
  5, 23,  475
 37, 23,  475
  3, 25,  475
  3, 26,  475
  1, 28,  475
 39, 29,  475
 39, 35,  475
 33, 39,  475
 22, 13,  476
 23, 14,  476
 24, 15,  476
 13, 17,  476
 30, 17,  476
  6, 22,  476
 37, 22,  476
 38, 23,  476
 40, 32,  476
 38, 37,  476
 36, 39,  476
 14, 40,  476
 17, 14,  477
 15, 15,  477
 28, 15,  477
 31, 18,  477
  8, 21,  477
  6, 23,  477
 37, 25,  477
 40, 27,  477
  1, 31,  477
  3, 35,  477
 24, 40,  477
 20, 13,  478
 22, 14,  478
 24, 14,  478
 30, 16,  478
 29, 17,  478
 31, 19,  478
 34, 20,  478
  3, 24,  478
  2, 27,  478
  1, 37,  478
  8, 40,  478
 34, 40,  478
 16, 13,  479
 23, 13,  479
 29, 16,  479
  9, 19,  479
  5, 21,  479
 36, 21,  479
  3, 23,  479
  1, 25,  479
 40, 26,  479
  2, 32,  479
  3, 37,  479
  4, 39,  479
  7, 39,  479
  5, 40,  479
 17, 40,  479
 33, 40,  479
 18, 13,  480
 29, 14,  480
 14, 15,  480
 11, 18,  480
 34, 19,  480
  5, 22,  480
 39, 24,  480
  2, 26,  480
  1, 35,  480
 40, 35,  480
 40, 36,  480
 40, 37,  480
  2, 38,  480
  3, 38,  480
 13, 16,  481
 11, 17,  481
  7, 19,  481
 39, 25,  481
 40, 25,  481
  1, 27,  481
  1, 30,  481
  1, 36,  481
  3, 39,  481
 38, 39,  481
  6, 40,  481
 18, 14,  482
 28, 14,  482
 11, 16,  482
 31, 17,  482
 10, 18,  482
 33, 18,  482
 35, 21,  482
  1, 26,  482
 40, 38,  482
 19, 13,  483
 25, 13,  483
 27, 14,  483
 12, 16,  483
 33, 19,  483
  7, 20,  483
 39, 23,  483
  1, 34,  483
  2, 37,  483
  5, 39,  483
 31, 16,  484
  8, 19,  484
  4, 20,  484
  6, 20,  484
 37, 21,  484
  4, 23,  484
  1, 29,  484
 38, 38,  484
 39, 38,  484
 19, 12,  485
 24, 12,  485
 17, 13,  485
 26, 13,  485
 32, 16,  485
 32, 17,  485
 34, 18,  485
 35, 19,  485
 36, 19,  485
 35, 20,  485
  6, 21,  485
 40, 28,  485
 36, 40,  485
 22, 11,  486
 18, 12,  486
 22, 12,  486
 27, 13,  486
 15, 14,  486
 31, 14,  486
 31, 15,  486
 32, 18,  486
  4, 22,  486
 40, 24,  486
  3, 40,  486
 21, 12,  487
 23, 12,  487
 25, 12,  487
 30, 15,  487
 10, 16,  487
 33, 16,  487
  9, 17,  487
 10, 17,  487
  8, 18,  487
  9, 18,  487
 37, 20,  487
 40, 23,  487
  2, 39,  487
 26, 10,  488
 20, 11,  488
 17, 12,  488
 20, 12,  488
  5, 20,  488
 36, 20,  488
  2, 24,  488
 37, 40,  488
 26, 12,  489
 13, 15,  489
 33, 17,  489
  1, 38,  489
 39, 39,  489
 18, 11,  490
 15, 13,  490
 14, 14,  490
 34, 16,  490
  7, 18,  490
  1, 23,  490
  4, 40,  490
 23, 11,  491
 12, 14,  491
 11, 15,  491
  4, 21,  491
 35, 18,  492
 38, 21,  492
 24, 11,  493
 26, 11,  493
 28, 12,  493
 29, 13,  493
 32, 15,  493
 34, 17,  493
 30, 14,  494
 12, 15,  494
  8, 17,  494
  2, 22,  494
 20, 10,  495
 14, 11,  495
 16, 11,  495
 14, 12,  495
 16, 12,  495
 33, 15,  495
  7, 17,  495
  6, 18,  495
  5, 19,  495
  3, 22,  495
 14, 13,  496
 30, 13,  496
 13, 14,  496
 17, 11,  497
 25, 11,  497
 27, 12,  497
 12, 13,  497
 32, 14,  497
 10, 15,  497
  6, 19,  497
  2, 21,  497
 38, 22,  497
 40, 39,  497
 38, 40,  497
 13, 12,  498
 15, 12,  498
 28, 13,  498
  8, 16,  498
 39, 22,  498
  2, 23,  498
 40, 40,  498
 15, 11,  499
 19, 11,  499
 23, 10,  500
 27, 11,  500
  8, 15,  500
 34, 15,  500
  3, 20,  500
  3, 21,  500
 20,  9,  501
 18, 10,  501
 19, 10,  501
 24, 10,  501
 11, 13,  501
 36, 17,  501
 22, 10,  502
 13, 13,  502
  6, 17,  502
 39, 21,  502
 21, 11,  503
 10, 14,  503
 11, 14,  503
  9, 16,  503
 37, 19,  503
 38, 19,  503
  1, 24,  503
  2, 40,  503
 39, 40,  503
 35, 17,  504
 29, 12,  505
 36, 18,  505
  4, 19,  505
 40, 22,  505
 11, 12,  506
 32, 13,  506
 38, 20,  506
 40, 21,  506
  1, 39,  506
 25, 10,  507
 35, 16,  507
  1, 22,  507
 10, 13,  508
 31, 13,  508
  1, 40,  508
 30, 12,  509
 35, 15,  509
  7, 16,  509
 37, 18,  509
  2, 20,  509
 39, 20,  509
 23,  9,  510
 16, 10,  510
  6, 16,  510
  3, 19,  511
 15, 10,  512
 17, 10,  512
 27, 10,  512
 28, 11,  512
 29, 11,  512
 31, 12,  512
 16,  9,  513
 17,  9,  513
 21,  9,  513
 22,  9,  513
 21, 10,  513
 32, 12,  513
  5, 16,  513
  5, 18,  513
 23,  8,  514
  9, 15,  514
 37, 17,  514
  1, 21,  514
 18,  9,  516
 25,  9,  516
 30, 10,  516
 13, 11,  516
 19,  9,  517
 24,  9,  517
 10, 12,  517
  9, 14,  517
 40, 20,  517
 12, 10,  518
 14, 10,  518
  5, 17,  518
 12, 11,  519
 13, 10,  520
 30, 11,  520
 12, 12,  520
 37, 16,  520
 38, 18,  520
 15,  9,  521
  2, 18,  521
  3, 18,  521
  1, 20,  521
 21,  8,  522
  9, 13,  522
 33, 14,  522
 36, 16,  522
  4, 17,  522
 39, 19,  522
 26,  9,  523
 22,  8,  524
 33, 13,  524
  8, 14,  524
 34, 14,  524
 28, 10,  526
 29, 10,  526
  2, 19,  526
 20,  7,  527
 17,  8,  527
  6, 15,  528
 11, 11,  529
  1, 19,  529
 40, 19,  529
  7, 15,  530
 24,  8,  531
 14,  9,  531
 27,  9,  531
 31, 11,  531
 33, 11,  531
  8, 13,  531
 16,  8,  532
  5, 15,  532
 38, 16,  532
 20,  8,  533
  9, 12,  533
  4, 18,  533
 27,  8,  534
 25,  8,  535
 38, 17,  535
 32, 11,  536
 33, 12,  536
 39, 18,  536
 28,  9,  538
 29,  9,  538
 10, 11,  538
  6, 14,  539
  3, 17,  539
 34, 13,  540
 39, 17,  540
 25,  7,  541
 18,  8,  541
 40, 18,  541
 12,  9,  542
 36, 15,  542
 13,  9,  543
 31, 10,  546
  7, 14,  546
  5, 14,  547
  4, 16,  548
 35, 13,  549
 35, 14,  549
  2, 17,  549
 11, 10,  552
 36, 14,  552
  3, 16,  553
 18,  7,  554
 19,  8,  555
 34, 12,  555
 19,  7,  556
 13,  8,  556
 10, 10,  556
  9, 11,  557
 32, 10,  558
 19,  6,  559
 23,  7,  559
 26,  8,  559
 15,  7,  560
 15,  8,  560
 23,  6,  561
 17,  7,  562
 39, 16,  562
 12,  8,  563
 37, 13,  564
 14,  7,  565
 40, 17,  565
 29,  8,  568
 22,  7,  569
 21,  6,  578
 26,  7,  587
 24,  7,  680
 21,  7,  685
 38, 15,  687
 11,  9,  688
 28,  8,  689
 20,  6,  693
 31,  9,  693
  9, 10,  696
 25,  6,  697
 37, 15,  698
  8, 11,  700
 34, 11,  700
 30,  9,  702
 35, 12,  702
 14,  8,  703
 39, 15,  705
 17,  6,  706
  7, 13,  706
 28,  7,  707
 32,  8,  707
 36, 13,  707
 16,  7,  708
 37, 14,  708
 24,  6,  709
  8, 12,  709
 27,  7,  710
 11,  8,  710
 33,  9,  710
 34, 10,  711
  6, 13,  711
 33, 10,  712
  2, 16,  712
 40, 16,  712
  1, 18,  712
  8, 10,  713
 38, 14,  713
  4, 15,  714
 22,  5,  715
 10,  8,  715
 36, 12,  715
 28,  6,  716
  6, 12,  716
  4, 14,  716
 22,  6,  717
 26,  6,  718
  7, 11,  718
 31,  8,  719
 32,  9,  719
  7, 12,  720
 18,  6,  721
  5, 12,  721
 21,  5,  722
  8,  9,  722
 15,  6,  723
 30,  7,  723
 10,  9,  723
  5, 13,  723
 19,  5,  724
  3, 15,  724
 13,  7,  725
 29,  7,  725
 30,  8,  725
  9,  9,  725
 16,  6,  727
 27,  6,  727
 12,  7,  727
 34,  9,  727
  6, 11,  727
  4, 13,  727
 23,  5,  728
  7, 10,  728
  1, 17,  728
 37, 12,  729
  3, 14,  729
 35, 10,  731
 37, 11,  731
 35, 11,  732
 36, 11,  732
 24,  5,  733
 32,  7,  733
 13,  6,  735
 18,  4,  736
 22,  4,  736
 17,  5,  736
 20,  5,  736
 25,  5,  736
 26,  5,  736
 11,  7,  736
 17,  4,  737
 16,  5,  737
 14,  6,  737
 31,  7,  737
 36, 10,  737
 38, 13,  737
 39, 14,  737
 21,  3,  738
 12,  6,  738
 34,  8,  738
 38, 12,  738
 20,  4,  739
 23,  4,  739
 29,  6,  739
  6, 10,  739
  8,  8,  740
 33,  8,  740
 30,  6,  741
  3, 13,  741
 18,  5,  742
 28,  5,  742
  9,  8,  742
  7,  9,  742
  1, 15,  742
  1, 16,  742
 27,  5,  743
 35,  9,  743
 37, 10,  743
 40, 15,  743
 21,  4,  744
 24,  4,  744
 14,  5,  744
 39, 12,  745
 15,  5,  746
 40, 14,  746
 10,  7,  747
  4, 12,  747
 39, 13,  747
  5, 11,  749
  2, 15,  749
 25,  4,  750
 31,  6,  750
 16,  4,  751
 29,  5,  751
 19,  3,  752
 20,  3,  752
 11,  6,  752
  2, 14,  752
 11,  5,  753
 13,  5,  753
  3, 12,  753
 17,  3,  754
  9,  6,  754
  9,  7,  754
  5,  9,  754
  6,  9,  754
 22,  3,  755
 23,  3,  755
 19,  4,  755
 36,  8,  755
 33,  7,  756
 10,  5,  757
 30,  5,  757
 10,  6,  757
 35,  8,  757
 38, 10,  757
  3, 11,  757
 18,  3,  758
 38, 11,  758
  2, 13,  758
 31,  5,  759
 15,  4,  760
 32,  6,  760
  7,  8,  760
 12,  5,  761
 40, 13,  761
  8,  7,  762
 29,  4,  763
  2, 11,  763
 36,  9,  764
 26,  4,  765
 32,  5,  765
 34,  7,  765
  4, 11,  765
  1, 14,  765
 27,  3,  766
 14,  4,  767
 37,  9,  768
  5, 10,  768
  1, 13,  768
 27,  4,  769
 35,  7,  769
 21,  2,  770
 28,  4,  770
 16,  3,  772
 24,  3,  772
 26,  3,  772
 29,  3,  772
 13,  4,  772
 30,  4,  772
  4,  8,  772
 23,  2,  773
 15,  3,  773
 37,  8,  773
 28,  3,  774
 34,  5,  774
  3, 10,  774
 39, 10,  774
 16,  2,  775
 35,  6,  775
 20,  2,  776
 25,  3,  776
  4,  9,  776
 34,  6,  777
 24,  2,  778
 30,  2,  778
 14,  3,  778
 12,  4,  778
  1, 12,  778
  2, 12,  778
  6,  8,  779
 25,  2,  780
 26,  2,  780
 38,  9,  780
  4, 10,  780
 28,  2,  781
 40, 12,  781
 15,  2,  782
  7,  7,  782
  7,  6,  783
 13,  3,  785
  7,  5,  785
 11,  4,  787
 19,  2,  788
 40, 11,  788
 12,  3,  789
  8,  5,  789
  8,  6,  789
 37,  6,  790
 18,  2,  791
 37,  7,  791
  5,  8,  791
 39, 11,  791
  5,  7,  792
 21,  1,  794
 14,  2,  794
  6,  7,  795
 39,  9,  796
 33,  5,  797
 27,  2,  800
  2, 10,  800
 38,  8,  802
 22,  2,  803
  9,  4,  803
  8,  4,  804
 33,  6,  806
 17,  2,  809
 13,  2,  812
 32,  4,  814
 36,  7,  816
  1, 11,  816
 31,  4,  818
  4,  7,  821
 29,  2,  823
 11,  3,  823
 17,  1,  824
 22,  1,  826
 35,  5,  827
 32,  3,  828
  9,  5,  828
  6,  6,  836
 12,  2,  837
 10,  3,  839
 11,  2,  840
 30,  3,  840
 10,  4,  842
 15,  1,  845
 31,  3,  848
 12,  1,  854
 19,  1,  878
  3,  9,  878
  3,  8,  884
 33,  4,  889
 25,  1,  895
 29,  1,  895
 38,  6,  897
 20,  1,  900
  6,  4,  900
 13,  1,  901
 23,  1,  903
 27,  1,  904
 40, 10,  904
 24,  1,  906
 36,  6,  906
 16,  1,  908
 26,  1,  908
 18,  1,  909
  9,  3,  913
 40,  9,  913
  5,  5,  914
 28,  1,  915
 36,  5,  915
 34,  4,  916
 38,  7,  916
  1, 10,  916
 31,  2,  917
 39,  8,  917
  2,  9,  917
 32,  2,  918
 10,  2,  919
 39,  7,  920
 33,  3,  921
  6,  5,  921
 14,  1,  924
 35,  4,  924
 31,  1,  925
  2,  8,  926
 40,  8,  926
  4,  6,  927
  5,  6,  927
 30,  1,  928
  3,  7,  929
 40,  7,  929
 36,  4,  930
 37,  4,  930
 34,  3,  931
  7,  4,  931
  4,  5,  932
 11,  1,  933
  1,  7,  934
 39,  6,  935
  1,  9,  935
 35,  3,  936
  9,  2,  937
 33,  2,  937
  7,  3,  937
 36,  3,  937
  3,  6,  938
  3,  5,  939
  7,  2,  941
 34,  2,  941
 37,  5,  941
  8,  2,  942
  6,  3,  942
  5,  4,  942
  2,  7,  943
 38,  5,  944
  2,  6,  944
 10,  1,  945
 33,  1,  945
 35,  2,  945
  8,  3,  945
  3,  4,  945
 32,  1,  947
  6,  2,  947
 39,  5,  947
  1,  8,  947
 34,  1,  948
 36,  2,  950
  4,  4,  950
  8,  1,  951
 37,  3,  951
  2,  4,  951
  1,  5,  951
  1,  6,  951
  5,  3,  952
 40,  6,  953
  9,  1,  954
 38,  2,  955
 38,  4,  956
  2,  5,  956
  4,  3,  957
  6,  1,  959
  7,  1,  959
 35,  1,  959
 38,  3,  960
 40,  4,  960
 37,  1,  961
  3,  3,  962
 40,  5,  963
 37,  2,  964
 39,  3,  964
 36,  1,  966
 39,  4,  966
  3,  2,  968
  1,  4,  969
  2,  3,  970
  4,  2,  971
 40,  3,  971
  5,  1,  972
  5,  2,  974
 39,  2,  975
  4,  1,  976
 38,  1,  980
  1,  2,  983
  3,  1,  984
  2,  2,  984
 40,  2,  986
 40,  1,  989
  1,  3,  989
  2,  1,  995
 39,  1,  998
  1,  1, 1005
