15, 6,17, 8,3
 13, 12,  443
 14, 14,  444
 16, 14,  444
  7, 13,  445
 15, 13,  445
 17, 10,  446
 14, 11,  446
 12, 12,  446
 15, 12,  446
 13, 14,  446
 12, 16,  446
 14,  9,  447
 19, 10,  447
 11, 11,  447
 12, 11,  447
 10, 12,  447
 17, 12,  447
 18, 12,  447
 13, 15,  447
 11, 16,  447
 14, 16,  447
 10, 17,  447
 15, 11,  448
 12, 13,  448
 13, 13,  448
 14, 13,  448
 17, 13,  448
 10, 14,  448
 10, 15,  448
 14, 15,  448
 17, 15,  448
 12,  8,  449
 13, 11,  449
  9, 12,  449
 10, 13,  449
 11, 13,  449
 17, 14,  449
 12, 15,  449
  9, 16,  449
 13, 16,  449
 13, 18,  449
 17,  8,  450
 18,  8,  450
 15,  9,  450
 17,  9,  450
  9, 10,  450
 14, 10,  450
 15, 10,  450
 19, 12,  450
  9, 13,  450
 16, 13,  450
 18, 13,  450
 19, 13,  450
 15, 14,  450
 19, 14,  450
  9, 15,  450
 15, 15,  450
 18, 15,  450
 19, 16,  450
 15, 18,  450
 12, 19,  450
 13,  8,  451
 11,  9,  451
  8, 10,  451
 17, 11,  451
 19, 11,  451
 11, 12,  451
 14, 12,  451
  6, 14,  451
  8, 14,  451
 11, 14,  451
 12, 14,  451
 20, 14,  451
 17, 16,  451
 10, 18,  451
 17, 18,  451
 14,  7,  452
 11, 10,  452
 12, 10,  452
  9, 11,  452
 16, 11,  452
 18, 11,  452
 20, 11,  452
 16, 12,  452
  7, 14,  452
  7, 15,  452
 10, 16,  452
 15, 16,  452
 18, 16,  452
 11, 17,  452
 13, 17,  452
 14, 17,  452
 15, 17,  452
 18, 17,  452
 14, 19,  452
 19,  6,  453
  9,  8,  453
 16,  8,  453
 16, 10,  453
 18, 10,  453
 21, 10,  453
 10, 11,  453
  8, 13,  453
  6, 15,  453
 16, 15,  453
 11, 18,  453
 18, 18,  453
 15, 19,  453
 14, 21,  453
 17,  6,  454
 18,  6,  454
 13,  7,  454
 10,  8,  454
 14,  8,  454
 15,  8,  454
 12,  9,  454
 13,  9,  454
 16,  9,  454
 18,  9,  454
 19,  9,  454
 20,  9,  454
 21, 11,  454
  7, 12,  454
 23, 12,  454
 18, 14,  454
 11, 15,  454
 19, 15,  454
 20, 15,  454
 16, 16,  454
 20, 16,  454
 12, 17,  454
 16, 17,  454
 19, 17,  454
  9, 19,  454
 19, 19,  454
 10,  7,  455
 10,  9,  455
 13, 10,  455
  6, 13,  455
 20, 13,  455
 22, 13,  455
 23, 13,  455
  9, 14,  455
 21, 15,  455
  7, 16,  455
  9, 18,  455
 14, 18,  455
 16, 18,  455
 18, 19,  455
 13,  6,  456
 14,  6,  456
 16,  6,  456
 15,  7,  456
 11,  8,  456
  9,  9,  456
 10, 10,  456
  8, 11,  456
  6, 12,  456
  8, 12,  456
 20, 12,  456
 22, 12,  456
 21, 13,  456
  8, 15,  456
  6, 16,  456
 17, 17,  456
 21, 17,  456
 12, 18,  456
 19, 18,  456
 17, 19,  456
 15,  6,  457
 11,  7,  457
 19,  7,  457
 21,  8,  457
  7, 10,  457
 20, 10,  457
  6, 11,  457
 21, 14,  457
 23, 16,  457
  7, 17,  457
 20, 18,  457
 16, 19,  457
 11,  6,  458
  7,  7,  458
  9,  7,  458
 12,  7,  458
 19,  8,  458
 20,  8,  458
 21,  9,  458
 22, 10,  458
  5, 13,  458
  5, 14,  458
 22, 14,  458
 23, 14,  458
  8, 16,  458
 22, 17,  458
 10, 19,  458
 12, 20,  458
 17, 22,  458
 15,  5,  459
 16,  5,  459
 12,  6,  459
 16,  7,  459
 17,  7,  459
  7,  8,  459
 22, 11,  459
  4, 12,  459
 21, 12,  459
 24, 14,  459
 21, 16,  459
 22, 16,  459
  8, 17,  459
  9, 17,  459
 11, 19,  459
 13, 19,  459
 21, 19,  459
 14, 20,  459
 16, 20,  459
  8,  6,  460
 10,  6,  460
  7, 11,  460
  4, 15,  460
  6, 17,  460
 20, 17,  460
  8, 18,  460
 21, 18,  460
 11, 20,  460
 18, 20,  460
 17,  5,  461
  6,  7,  461
  8,  9,  461
 22, 15,  461
 24, 15,  461
  5, 17,  461
  6, 18,  461
  7, 18,  461
 20, 19,  461
 10, 20,  461
 11, 21,  461
 20,  7,  462
 22,  7,  462
  7,  9,  462
 22,  9,  462
  6, 10,  462
  7, 19,  462
 15, 20,  462
 15,  4,  463
 10,  5,  463
 12,  5,  463
  8,  7,  463
 18,  7,  463
 23,  9,  463
  2, 13,  463
  4, 14,  463
 25, 14,  463
 19, 20,  463
 10, 21,  463
 15, 21,  463
 16, 21,  463
 16,  4,  464
  9,  5,  464
 14,  5,  464
 20,  6,  464
  6,  9,  464
  5, 11,  464
 23, 11,  464
 25, 11,  464
 24, 13,  464
  5, 15,  464
 22, 18,  464
 17, 20,  464
  8, 21,  464
 14,  3,  465
 11,  4,  465
 13,  4,  465
 13,  5,  465
 18,  5,  465
  5,  8,  465
  6,  8,  465
  8,  8,  465
 22,  8,  465
 24,  9,  465
  5, 10,  465
  3, 12,  465
  2, 15,  465
 23, 15,  465
  4, 16,  465
  5, 16,  465
 24, 16,  465
 23, 18,  465
  9, 20,  465
 12, 21,  465
 17, 21,  465
 14, 22,  465
 11,  5,  466
  7,  6,  466
  5,  7,  466
  4, 11,  466
 24, 11,  466
  5, 12,  466
 23, 17,  466
 24, 17,  466
  4, 18,  466
  8, 19,  466
 13, 20,  466
 18, 21,  466
 13, 23,  466
 12,  2,  467
 14,  4,  467
 19,  5,  467
  4,  7,  467
 25, 12,  467
  5, 20,  467
 20, 20,  467
 20, 21,  467
 15, 22,  467
 12,  3,  468
 10,  4,  468
  9,  6,  468
 21,  7,  468
  3, 10,  468
  4, 10,  468
 23, 10,  468
 25, 10,  468
  3, 16,  468
 25, 18,  468
  4, 19,  468
  6, 19,  468
 22, 19,  468
  8, 20,  468
 23, 20,  468
 13, 21,  468
 21, 21,  468
 15,  3,  469
 17,  3,  469
  7,  4,  469
 20,  5,  469
 21,  6,  469
  5,  9,  469
 24, 12,  469
  5, 18,  469
  9, 21,  469
 11, 22,  469
 16,  3,  470
  6,  6,  470
 23,  6,  470
 24,  7,  470
  4,  8,  470
  3, 11,  470
  3, 13,  470
 26, 13,  470
  3, 14,  470
 25, 16,  470
  4, 17,  470
  5, 19,  470
 23, 21,  470
  8, 22,  470
 10, 22,  470
 16, 22,  470
 18,  4,  471
  5,  5,  471
 22,  5,  471
 23,  5,  471
  4,  9,  471
 24, 10,  471
 26, 10,  471
 27, 13,  471
 25, 15,  471
 23, 19,  471
  7, 20,  471
 13, 22,  471
 19, 22,  471
 11, 23,  471
 10,  3,  472
 19,  3,  472
  8,  4,  472
  9,  4,  472
 17,  4,  472
 21,  5,  472
 23,  7,  472
 24,  8,  472
 26,  9,  472
 27, 15,  472
 24, 18,  472
  5, 21,  472
  7, 21,  472
  9, 22,  472
 12, 22,  472
 18, 22,  472
 17, 23,  472
 15, 24,  472
  8,  5,  473
 26, 14,  473
  3, 17,  473
 26, 18,  473
  4, 20,  473
 22, 20,  473
 25, 20,  473
 19, 21,  473
 20, 22,  473
 12, 23,  473
 14, 23,  473
 10,  2,  474
 11,  2,  474
 16,  2,  474
 20,  4,  474
 21,  4,  474
 23,  8,  474
  3,  9,  474
 25,  9,  474
 26, 12,  474
  4, 13,  474
 26, 15,  474
 25, 17,  474
 21, 20,  474
  9, 23,  474
 16, 23,  474
  8,  3,  475
 13,  3,  475
 18,  3,  475
  6,  5,  475
 22,  6,  475
 24,  6,  475
 25, 13,  475
 26, 16,  475
 26, 17,  475
  6, 20,  475
 22, 21,  475
 24, 21,  475
  7, 22,  475
  7, 23,  475
 10, 23,  475
 13,  2,  476
 11,  3,  476
 21,  3,  476
 12,  4,  476
  2, 11,  476
 26, 11,  476
  3, 15,  476
  2, 17,  476
 27, 18,  476
  6, 22,  476
  7,  3,  477
 25,  8,  477
  2, 12,  477
  1, 14,  477
  1, 16,  477
 24, 19,  477
  6, 21,  477
 21, 22,  477
 11, 24,  477
  9,  2,  478
 14,  2,  478
 15,  2,  478
 19,  4,  478
  4,  5,  478
  7,  5,  478
  3,  7,  478
  3,  8,  478
 27, 10,  478
  2, 14,  478
 26, 19,  478
 16, 24,  478
 14,  1,  479
 25,  7,  479
 28, 11,  479
 28, 15,  479
  2, 16,  479
  2, 18,  479
 15, 23,  479
 18, 23,  479
 19, 23,  479
 20,  3,  480
  2, 10,  480
  1, 12,  480
 26, 20,  480
 15,  1,  481
 23,  4,  481
  5,  6,  481
  1,  7,  481
 26,  8,  481
 27,  8,  481
 28, 12,  481
  1, 13,  481
 28, 13,  481
 27, 14,  481
 25, 19,  481
 13, 24,  481
 14, 25,  481
 17,  2,  482
  4,  6,  482
 27, 16,  482
  2, 19,  482
  3, 21,  482
  5, 23,  482
  8, 23,  482
 21, 23,  482
 17, 24,  482
 18, 24,  482
 22,  4,  483
  2,  8,  483
  2,  9,  483
 27, 11,  483
  3, 20,  483
 20, 23,  483
  9, 24,  483
 19,  2,  484
  9,  3,  484
  5,  4,  484
  6,  4,  484
 25,  6,  484
 27,  9,  484
 29, 11,  484
 27, 12,  484
  3, 18,  484
  3, 19,  484
  2, 20,  484
  6, 23,  484
 12, 24,  484
 10, 25,  484
 17, 26,  484
 29, 12,  485
 28, 14,  485
  1, 18,  485
  4, 21,  485
 22, 22,  485
  8,  1,  486
 19,  1,  486
  1, 10,  486
  1, 11,  486
  1, 15,  486
 27, 17,  486
 24, 20,  486
  7, 24,  486
 15, 25,  486
 16, 25,  486
 21,  2,  487
  3,  6,  487
 28, 16,  487
  1, 17,  487
 25, 21,  487
  5, 22,  487
 14, 24,  487
 13,  1,  488
  8,  2,  488
 20,  2,  488
  3,  5,  488
  2,  7,  488
 28,  8,  488
  1,  9,  488
 23, 22,  488
  6, 24,  488
  9,  1,  489
 19, 24,  489
 17,  1,  490
 24,  5,  490
 26,  7,  490
 29, 13,  490
 10, 24,  490
 11, 25,  490
 12, 25,  490
 26,  4,  491
 29,  9,  491
 28, 19,  491
  1, 20,  491
 22, 23,  491
 23, 24,  491
  9, 25,  491
 19, 25,  491
 16,  1,  492
  6,  2,  492
 24,  3,  492
 29, 14,  492
 29, 15,  492
 28, 17,  492
 28, 18,  492
 24, 22,  492
 23, 23,  492
  8, 24,  492
 17, 25,  492
 18, 25,  492
 18, 26,  492
 10,  1,  493
 11,  1,  493
  7,  2,  493
 18,  2,  493
  3,  4,  493
 27,  6,  493
 27,  7,  493
 28,  9,  493
 21, 24,  493
 12, 26,  493
 22,  2,  494
 28, 10,  494
 27, 19,  494
 12,  1,  495
 21,  1,  495
  6,  3,  495
  1,  6,  495
 26,  6,  495
  1,  8,  495
 27, 20,  495
 28, 20,  495
  5, 24,  495
 24,  4,  496
  2,  5,  496
 26,  5,  496
  2,  6,  496
 30, 15,  496
 25, 22,  496
  3, 23,  496
 22, 24,  496
 22,  3,  497
 27,  5,  497
 29, 17,  497
  2, 21,  497
 20, 24,  497
 13, 25,  497
 23, 25,  497
  5,  3,  498
 30, 14,  498
 29, 16,  498
  1, 19,  498
 29, 19,  498
  4, 22,  498
 24, 23,  498
  7, 25,  498
 20, 25,  498
 11, 26,  498
 14, 26,  498
  4,  2,  499
 23,  3,  499
 30, 11,  499
 13, 26,  499
 18,  1,  500
  5,  2,  500
  4,  4,  500
  8, 25,  500
 20,  1,  501
 22,  1,  501
  2, 22,  501
  3, 22,  501
  4, 23,  501
  4, 24,  501
 14, 27,  501
  2,  4,  502
 25,  4,  502
 28,  7,  502
 26, 21,  502
 10, 26,  502
 24,  2,  503
 29,  7,  503
 30, 12,  503
 21, 25,  503
 29, 18,  504
 26, 22,  504
  9, 26,  504
 15, 27,  504
 25,  3,  505
 25, 23,  505
  7, 26,  505
 12, 27,  505
 23,  2,  506
 29, 10,  506
 30, 16,  506
 24,  1,  507
 27, 21,  507
  3, 24,  507
 15, 26,  507
 19, 26,  507
 20, 26,  507
  6,  1,  508
  4,  3,  508
 30, 18,  508
  1, 21,  508
 26, 23,  508
 30, 13,  509
 30, 17,  509
  1, 22,  509
 22, 25,  509
 23,  1,  510
 25,  5,  510
 28, 21,  510
  6, 25,  510
  8, 27,  510
 18, 27,  510
  1,  5,  511
  5, 25,  511
  7,  1,  512
  3,  3,  512
 30, 10,  512
 24, 24,  512
 17, 27,  512
 29,  8,  513
 29, 20,  513
  6, 26,  513
 21, 26,  513
 25,  2,  514
 29,  6,  514
 16, 26,  514
 10, 27,  514
 28,  6,  515
 31, 13,  515
 31, 15,  515
  1,  4,  516
 31, 11,  516
 31, 16,  516
 29, 21,  516
 25, 24,  516
 21, 27,  516
 13, 27,  517
 26,  3,  518
 31, 18,  518
 28, 22,  518
 24, 25,  519
  8, 26,  520
 11, 27,  520
 30,  9,  521
 31, 10,  521
 31, 14,  521
 27, 23,  521
 19, 27,  521
 30,  8,  522
 31,  9,  522
 30, 19,  522
  4, 25,  522
 27,  4,  523
  9, 27,  523
 28,  4,  524
  2, 23,  524
 20, 27,  524
 27, 22,  525
 22, 27,  525
  2,  3,  526
 28,  5,  526
 16, 27,  526
  1, 23,  527
 28, 23,  527
  5, 26,  527
  3,  2,  528
 31, 12,  529
 22, 26,  529
 30,  5,  530
 14, 28,  530
 31, 20,  531
  2, 24,  531
 12, 28,  531
  3, 25,  532
  6, 27,  532
 27,  3,  533
 29,  5,  533
 32, 14,  533
  4, 26,  533
 23, 26,  533
 27,  2,  534
 31, 17,  534
 30,  7,  536
 25, 25,  536
 15, 28,  536
 25,  1,  537
  4,  1,  538
  5,  1,  538
 26, 24,  538
 30,  6,  539
 32, 13,  539
 24, 26,  539
 17, 28,  539
 10, 28,  540
 18, 28,  540
 30, 20,  541
 30, 22,  541
  1, 24,  542
 32, 12,  543
 13, 28,  543
  2,  1,  544
  1,  3,  544
 30, 21,  544
 19, 28,  544
 32, 15,  545
 31, 19,  545
  7, 27,  545
  2,  2,  546
  8, 28,  547
 32, 16,  548
  9, 28,  548
 26,  1,  549
 11, 28,  549
 16, 29,  550
 32, 10,  551
 25, 26,  551
 17, 29,  551
  3,  1,  552
 29, 22,  552
 16, 28,  552
 20, 28,  552
  1,  2,  553
 22, 28,  554
  9, 29,  554
 13, 29,  554
 28,  3,  555
 26, 25,  555
 26,  2,  556
 32, 11,  556
 31,  7,  560
 31, 21,  560
 27, 24,  567
 12, 29,  568
 29, 24,  571
 32, 17,  582
  5, 27,  675
 23, 28,  675
 31, 22,  677
 23, 27,  679
 14, 29,  684
 32,  9,  686
  3, 26,  686
 33, 16,  688
 33, 12,  690
 32, 18,  691
 24, 27,  692
 18, 29,  692
 32, 19,  693
 31,  8,  694
 15, 29,  695
 30,  4,  696
 26, 26,  696
 14, 30,  696
 33, 17,  697
  1, 25,  697
 31,  6,  698
 28, 24,  699
 26, 27,  699
  7, 28,  699
 29,  4,  700
 32,  7,  700
  2, 25,  700
 10, 29,  700
 33, 11,  701
 17, 30,  701
 31,  4,  703
 32, 20,  703
 33, 13,  704
  4, 27,  704
 27,  1,  705
 32,  6,  706
 28,  1,  707
 32,  8,  707
 33, 10,  707
 21, 28,  707
 11, 29,  707
 20, 29,  707
 29, 23,  708
 10, 30,  708
  3, 27,  709
  6, 28,  709
 22, 29,  709
 21, 29,  711
 12, 30,  711
 16, 30,  711
 33, 15,  712
 34, 16,  712
 33, 18,  712
 30, 23,  712
 28, 25,  713
 27, 26,  713
  7, 29,  713
 15, 31,  713
 29,  2,  714
 33,  8,  714
 15, 30,  714
 30,  3,  715
 25, 27,  715
 24, 28,  715
  8, 29,  715
 20, 30,  715
 34, 13,  716
 33, 19,  716
 28, 26,  716
 25, 28,  716
 34, 10,  717
 19, 29,  717
 13, 30,  717
 16, 31,  717
 33, 14,  718
  2, 26,  718
  4, 28,  718
 31,  3,  719
 31,  5,  719
  2, 27,  719
 18, 30,  719
  5, 28,  720
 33,  6,  721
 32, 21,  721
  1, 26,  721
 27, 27,  721
  9, 30,  721
 34, 17,  722
 27, 25,  722
 29, 25,  722
  6, 29,  722
  7, 30,  722
 31, 23,  723
 31, 24,  724
 28,  2,  725
 31,  2,  725
 29,  3,  725
 14, 31,  725
 34, 11,  726
 34, 14,  726
 11, 31,  726
 33,  5,  727
 35, 13,  727
 35, 12,  728
 17, 31,  728
 34, 12,  729
 19, 30,  729
 33,  9,  730
 34,  9,  730
 35, 11,  730
 34, 18,  730
 33, 20,  730
 32, 23,  730
 30, 24,  730
  4, 29,  730
  8, 30,  730
 11, 30,  730
 16, 32,  730
 29,  1,  731
 32,  5,  731
  6, 30,  731
 21, 30,  731
 13, 31,  731
 32,  4,  733
 30, 25,  733
 24, 29,  734
 12, 31,  734
 15, 32,  734
 35, 14,  735
 35, 16,  735
 35, 17,  735
 26, 28,  735
 23, 29,  735
 33,  4,  736
 33,  7,  736
 34, 21,  736
 32, 22,  736
 34,  7,  737
 34,  8,  737
 34, 15,  737
 36, 17,  737
 34, 19,  737
 31, 25,  737
 19, 31,  737
 34, 20,  738
 33, 21,  738
 22, 30,  738
 28, 28,  739
  9, 31,  739
  1,  1,  740
 29, 26,  740
 28, 27,  740
  5, 29,  740
  5, 30,  740
 25, 30,  740
  8, 31,  740
 18, 31,  740
 30,  2,  741
 36, 14,  741
 23, 30,  741
 21, 31,  741
 25, 29,  742
 22, 31,  742
 35, 20,  743
  1, 27,  743
 30, 27,  743
 10, 31,  743
 35, 15,  744
 30, 26,  744
 35, 10,  745
 14, 32,  745
 35, 19,  746
  2, 28,  746
 24, 30,  746
 20, 31,  746
  8, 32,  746
 12, 32,  746
 17, 32,  746
 35,  9,  747
 36, 18,  747
 36,  8,  748
 36, 11,  748
 29, 28,  748
  7, 31,  748
 24, 31,  748
 29, 27,  749
  3, 28,  749
 13, 32,  749
 36, 12,  750
 35, 21,  750
 32, 24,  750
 33, 22,  751
 27, 28,  751
 13, 33,  751
 34,  6,  752
 36, 15,  752
 26, 29,  752
 11, 32,  752
 10, 33,  752
 30,  1,  753
 35, 18,  753
 31, 26,  753
 18, 32,  753
 35,  8,  754
 30, 28,  754
 27, 29,  754
 23, 31,  754
 18, 33,  754
 34,  5,  755
 36, 10,  755
  4, 30,  755
 10, 32,  755
  9, 32,  756
 19, 32,  756
 23, 32,  756
 36, 19,  757
 34, 22,  757
 33, 23,  757
 31, 27,  757
 31,  1,  758
 37, 12,  758
 34, 23,  758
  3, 29,  758
  9, 33,  758
 35,  7,  759
  1, 28,  759
  2, 29,  759
 21, 32,  759
 12, 33,  759
 34, 24,  761
 37, 11,  762
  4, 31,  762
 20, 32,  762
 16, 33,  762
 37, 13,  763
 15, 33,  763
 32,  3,  765
 35,  6,  765
 36, 16,  765
 27, 30,  765
 17, 33,  765
 36,  7,  766
 33, 24,  766
  6, 31,  766
 14, 33,  766
 37, 17,  767
 25, 31,  767
 33,  3,  768
  6, 32,  768
 36, 13,  769
 37, 14,  769
 37, 18,  769
 31, 28,  769
 28, 29,  769
 32,  2,  770
 32, 25,  770
 35,  5,  771
 36,  9,  771
 37, 19,  771
 27, 31,  771
 14, 34,  771
  7, 32,  772
 16, 35,  772
 34,  4,  773
  3, 30,  774
 37, 15,  776
 26, 30,  776
  5, 31,  776
 32, 26,  777
 33, 26,  777
  3, 31,  777
 11, 33,  778
 20, 33,  778
 37, 10,  779
 36, 21,  779
 26, 31,  779
 28, 30,  780
 24, 32,  780
 16, 34,  780
 36,  5,  781
 19, 33,  781
 22, 33,  781
 11, 34,  781
 32, 27,  782
 25, 32,  782
 37, 16,  783
 29, 29,  783
 36,  6,  784
 37,  6,  784
  2, 30,  784
  4, 32,  784
 34,  2,  785
 38, 15,  785
 35, 22,  785
  7, 33,  785
 29, 30,  786
  8, 33,  787
 37,  9,  788
 38, 13,  788
 22, 32,  788
 19, 34,  788
 35,  4,  789
 35, 23,  789
 33, 25,  789
  8, 34,  789
 38,  6,  790
 20, 34,  790
 37,  7,  792
 37, 22,  792
 36, 23,  792
 33, 27,  792
 24, 33,  792
 38, 11,  793
 38, 10,  794
 36, 20,  794
 32, 28,  794
  1, 29,  794
 34,  3,  795
 37, 21,  795
 15, 34,  795
 32,  1,  796
 35, 25,  796
 38, 12,  798
  5, 32,  799
 37,  8,  801
 35, 24,  801
 21, 33,  801
 34, 25,  802
 12, 34,  802
 10, 35,  802
  9, 34,  803
 11, 35,  803
 13, 34,  804
 21, 34,  804
 38, 14,  806
 23, 33,  806
 36, 22,  807
 38,  7,  811
 26, 32,  811
 37, 20,  812
 28, 31,  812
  7, 34,  812
 36, 24,  813
 34, 26,  815
 17, 36,  819
 38, 18,  820
 38, 21,  820
 28, 32,  820
 38, 17,  821
 30, 29,  821
 12, 35,  822
 35, 26,  826
 30, 30,  826
 14, 35,  826
 33,  1,  830
 10, 34,  831
 17, 34,  838
 18, 34,  838
 33,  2,  840
  8, 35,  849
 33, 29,  851
 15, 35,  851
 11, 36,  878
 36, 25,  883
  6, 34,  886
  6, 33,  887
 17, 35,  888
 36,  4,  891
  5, 33,  891
 19, 35,  891
  1, 30,  892
 35,  3,  895
 38, 16,  896
 34, 27,  897
  2, 31,  897
 15, 36,  897
  2, 32,  898
 27, 32,  898
 32, 29,  899
  5, 34,  899
 39, 12,  900
 18, 35,  902
 29, 31,  903
 22, 34,  903
 39, 11,  904
  3, 33,  904
 33, 28,  905
 20, 35,  905
 35,  2,  906
 38, 20,  906
 39, 14,  907
 26, 33,  907
  7, 35,  907
 38,  9,  908
 39, 16,  908
 38, 19,  908
 23, 34,  908
 21, 35,  908
 25, 33,  909
  4, 33,  910
 22, 35,  910
 39, 10,  913
 31, 29,  913
 13, 35,  913
 14, 36,  913
 36,  3,  914
 12, 36,  914
 38,  8,  915
 31, 30,  915
  1, 32,  915
  3, 32,  915
 29, 32,  915
 34,  1,  916
  1, 31,  916
 10, 36,  916
 39,  7,  917
 39, 17,  917
 36, 26,  917
 35, 27,  917
 24, 35,  917
  2, 33,  918
  9, 35,  918
 36,  2,  919
 38, 22,  919
  9, 36,  919
 13, 36,  919
 16, 36,  919
 27, 33,  920
 18, 36,  920
 32, 30,  921
 30, 32,  921
 23, 35,  921
 37,  5,  922
 39, 18,  922
 37, 24,  922
 35, 28,  922
 40, 12,  923
 40, 17,  923
 40, 18,  923
 30, 31,  923
  3, 34,  923
 25, 34,  923
  4, 35,  923
  5, 35,  923
 19, 36,  923
 39, 13,  924
 37,  3,  925
 37,  4,  925
 40, 13,  925
 24, 34,  925
  6, 35,  925
 40, 14,  926
 37, 25,  926
 31, 31,  926
 16, 37,  926
 39, 19,  927
 20, 36,  927
 11, 37,  927
 38,  5,  928
 28, 33,  928
  4, 34,  928
  7, 36,  928
 39,  6,  929
 39, 15,  929
 39, 20,  929
 37, 23,  929
 38, 23,  929
 28, 34,  929
  8, 36,  929
 39,  9,  930
 32, 31,  930
 25, 36,  930
 40,  9,  931
 40, 11,  931
 40, 15,  931
 33, 30,  931
 15, 37,  931
 35,  1,  932
 36,  1,  932
  5, 36,  932
 39,  8,  933
 39, 21,  933
  3, 35,  933
 20, 37,  933
 38,  4,  934
 39, 22,  934
 33, 31,  934
 25, 35,  934
 15, 38,  934
 40,  7,  935
  1, 33,  935
 26, 34,  935
 24, 36,  935
 13, 37,  935
 40, 16,  936
 36, 27,  936
 34, 30,  936
 30, 33,  936
 22, 36,  936
 14, 37,  936
 22, 37,  936
 40,  8,  937
 40, 19,  937
 34, 28,  937
  2, 34,  937
 17, 37,  937
 38, 25,  938
 31, 32,  938
 29, 33,  938
  2, 36,  938
 12, 37,  938
 21, 37,  938
 37,  1,  939
 38,  2,  939
 39,  4,  939
 39,  5,  939
 35, 29,  939
  1, 34,  939
 40, 20,  940
 37, 26,  940
 34, 29,  940
 21, 36,  940
 17, 38,  940
 40, 10,  941
 27, 34,  941
 18, 37,  941
 19, 37,  941
 30, 34,  942
  2, 35,  942
  6, 36,  942
  9, 37,  942
 38, 24,  943
 36, 28,  943
 23, 36,  943
  5, 37,  943
 37,  2,  944
 38,  3,  944
 40,  3,  944
 40, 22,  944
 26, 35,  944
 14, 38,  944
 40,  6,  945
 29, 34,  945
 10, 37,  945
 11, 38,  945
 40, 21,  946
 39, 23,  946
 39, 24,  946
 32, 32,  946
 13, 38,  947
 19, 38,  947
 38, 26,  948
 27, 35,  948
 23, 37,  948
 10, 38,  948
 39, 25,  949
 36, 29,  949
 33, 33,  949
  7, 37,  949
  9, 38,  949
 31, 33,  950
 28, 35,  950
  6, 37,  950
  8, 37,  950
 16, 38,  950
 38, 28,  951
 29, 35,  951
 26, 36,  951
 18, 38,  951
 35, 30,  952
 26, 37,  952
 15, 39,  952
  4, 36,  953
 12, 38,  953
 21, 38,  953
 24, 38,  953
 40, 24,  954
 33, 32,  954
 32, 33,  954
 31, 34,  954
 39, 26,  955
  8, 38,  955
 40,  5,  956
 37, 28,  956
  1, 35,  956
 25, 37,  956
 20, 38,  956
 37, 27,  957
 34, 31,  957
 27, 36,  957
 28, 36,  957
 22, 38,  957
 12, 39,  957
 17, 39,  957
 40, 23,  958
 36, 30,  958
 35, 31,  958
  3, 36,  958
 38, 27,  959
 32, 34,  959
  7, 38,  959
 16, 39,  959
 18, 39,  959
 39,  3,  960
  4, 38,  960
  6, 38,  960
 23, 38,  960
 10, 39,  960
 39,  1,  961
 37, 29,  961
  9, 39,  961
  1, 36,  962
 14, 39,  962
 34, 32,  963
  5, 38,  963
 19, 39,  963
 40,  4,  964
 24, 37,  964
 27, 37,  964
 13, 39,  964
 18, 40,  964
 30, 35,  965
 24, 39,  965
 38,  1,  966
 38, 31,  966
 29, 36,  966
 31, 35,  967
  7, 39,  967
 39,  2,  968
 36, 31,  968
 20, 39,  968
 17, 40,  968
 33, 34,  969
  3, 37,  969
 28, 37,  969
 21, 39,  969
 23, 39,  969
 25, 38,  970
 11, 39,  970
 40,  2,  971
 40, 25,  971
 38, 30,  971
  4, 37,  971
 13, 40,  971
 14, 40,  971
 36, 32,  972
 32, 35,  972
  9, 40,  972
 12, 40,  972
 16, 40,  972
 39, 28,  973
 40, 28,  973
 35, 32,  973
 30, 36,  973
 29, 37,  973
  8, 39,  973
 22, 39,  973
 40, 27,  974
 31, 36,  974
 26, 38,  974
 34, 33,  975
 10, 40,  975
 11, 40,  975
 15, 40,  975
  6, 39,  976
 38, 29,  977
 37, 30,  977
  2, 37,  977
  5, 39,  978
 40,  1,  979
 34, 34,  979
 28, 38,  979
 25, 39,  979
 33, 35,  980
 27, 38,  980
 21, 40,  980
 40, 26,  981
 30, 38,  981
 39, 27,  982
 37, 31,  983
 35, 33,  983
 32, 36,  983
  3, 38,  983
 19, 40,  983
 29, 38,  984
  4, 39,  984
  7, 40,  984
 22, 40,  984
  1, 37,  985
 20, 40,  985
 33, 36,  986
 30, 37,  986
  2, 38,  986
 23, 40,  986
 24, 40,  987
 39, 31,  988
 37, 33,  988
 35, 34,  988
  2, 39,  988
  8, 40,  988
  4, 40,  989
  6, 40,  989
  3, 39,  990
 26, 40,  990
 40, 30,  991
 38, 32,  991
 26, 39,  992
 37, 32,  994
 38, 33,  994
  3, 40,  994
 39, 29,  995
 34, 35,  995
 28, 39,  995
 36, 33,  996
 31, 37,  996
  5, 40,  996
 37, 34,  997
 25, 40,  997
 36, 34,  998
 39, 30,  999
 31, 38,  999
 27, 39,  999
 34, 37, 1000
  1, 38, 1001
 35, 35, 1002
 40, 29, 1003
 35, 36, 1003
 33, 38, 1005
 32, 38, 1006
  1, 39, 1008
 32, 37, 1009
 29, 39, 1009
 38, 34, 1010
 36, 35, 1010
 35, 37, 1012
 33, 37, 1016
  2, 40, 1016
 27, 40, 1018
 39, 32, 1020
 34, 36, 1020
 40, 31, 1024
 31, 39, 1026
 28, 40, 1029
 30, 40, 1029
 37, 36, 1033
 30, 39, 1038
 37, 35, 1039
 34, 38, 1039
 29, 40, 1039
 40, 32, 1040
 36, 36, 1040
 31, 40, 1043
  1, 40, 1048
 39, 33, 1055
 40, 33, 1059
 32, 39, 1061
 35, 38, 1064
 33, 39, 1065
 36, 37, 1066
 36, 38, 1070
 39, 34, 1071
 40, 35, 1089
 38, 36, 1090
 34, 39, 1090
 37, 37, 1099
 33, 40, 1122
 39, 35, 1139
 39, 36, 1144
 38, 37, 1153
 32, 40, 1165
 38, 35, 1174
 40, 34, 1188
 37, 38, 1188
 36, 39, 1194
 34, 40, 1202
 38, 38, 1205
 35, 39, 1208
 35, 40, 1214
 37, 39, 1217
 40, 36, 1220
 39, 37, 1220
 38, 39, 1223
 36, 40, 1227
 37, 40, 1230
 40, 37, 1247
 39, 39, 1259
 40, 38, 1264
 39, 38, 1265
 39, 40, 1268
 40, 39, 1293
 38, 40, 1302
 40, 40, 1339
