 6,15,18, 1,4
 22,  9,  456
 24,  5,  458
 22,  7,  458
 23,  6,  459
 26,  6,  459
 21,  8,  459
 22,  6,  460
 24,  6,  460
 29,  6,  460
 21,  7,  460
 27,  8,  460
 24,  2,  461
 24,  3,  461
 18,  4,  461
 24,  4,  461
 17,  5,  461
 21,  5,  461
 25,  6,  461
 23,  7,  461
 24,  8,  461
 28,  8,  461
 25,  9,  461
 28, 10,  461
 27,  3,  462
 25,  4,  462
 25,  5,  462
 27,  6,  462
 28,  6,  462
 27,  7,  462
 22,  8,  462
 23,  9,  462
 21, 11,  462
 30,  3,  463
 23,  4,  463
 26,  5,  463
 29,  5,  463
 17,  6,  463
 25,  7,  463
 17,  8,  463
 20,  8,  463
 30,  9,  463
 21, 10,  463
 23, 11,  463
 22,  3,  464
 25,  3,  464
 22,  4,  464
 26,  4,  464
 28,  4,  464
 20,  5,  464
 23,  5,  464
 18,  6,  464
 17,  7,  464
 24,  7,  464
 23,  8,  464
 25,  8,  464
 29,  8,  464
 30,  8,  464
 20,  9,  464
 27,  9,  464
 25, 10,  464
 26, 10,  464
 25, 11,  464
 19,  3,  465
 26,  3,  465
 28,  3,  465
 19,  4,  465
 20,  6,  465
 30,  6,  465
 28,  7,  465
 29,  7,  465
 26,  8,  465
 24,  9,  465
 18, 10,  465
 20, 10,  465
 22, 10,  465
 23, 10,  465
 25,  2,  466
 21,  4,  466
 28,  5,  466
 21,  6,  466
 19,  8,  466
 21,  9,  466
 19, 10,  466
 28, 11,  466
 24,  1,  467
 22,  2,  467
 26,  2,  467
 27,  2,  467
 21,  3,  467
 20,  4,  467
 27,  4,  467
 19,  5,  467
 22,  5,  467
 27,  5,  467
 16,  6,  467
 26,  7,  467
 19,  9,  467
 26,  9,  467
 27, 10,  467
 30, 10,  467
 23,  2,  468
 30,  2,  468
 18,  5,  468
 30,  5,  468
 19,  7,  468
 18,  8,  468
 18,  9,  468
 22, 11,  468
 24, 12,  468
 25, 12,  468
 26, 12,  468
 20,  1,  469
 27,  1,  469
 21,  2,  469
 20,  3,  469
 17,  4,  469
 32,  4,  469
 19,  6,  469
 32,  6,  469
 20,  7,  469
 31,  7,  469
 32,  7,  469
 31,  8,  469
 28,  9,  469
 31,  9,  469
 24, 10,  469
 26, 11,  469
 23, 12,  469
 28,  2,  470
 29,  2,  470
 18,  3,  470
 29,  4,  470
 31,  4,  470
 15,  7,  470
 30,  7,  470
 29,  9,  470
 22, 12,  470
 21,  1,  471
 23,  1,  471
 25,  1,  471
 26,  1,  471
 16,  3,  471
 23,  3,  471
 29,  3,  471
 32,  5,  471
 33,  5,  471
 18,  7,  471
 17,  9,  471
 29, 12,  471
 18,  2,  472
 19,  2,  472
 32,  3,  472
 15,  6,  472
 31,  6,  472
 16,  7,  472
 29, 10,  472
 31, 10,  472
 24, 11,  472
 27, 12,  472
 23, 13,  472
 16,  1,  473
 18,  1,  473
 31,  3,  473
 15,  4,  473
 16,  4,  473
 15,  8,  473
 18, 11,  473
 27, 11,  473
 29, 11,  473
 22, 13,  473
 25, 13,  473
 20,  2,  474
 33,  6,  474
 19, 11,  474
 18, 12,  474
 19, 12,  474
 20, 12,  474
 29, 13,  474
 19,  1,  475
 17,  2,  475
 17,  3,  475
 30,  4,  475
 16,  8,  475
 32,  9,  475
 30, 11,  475
 21, 12,  475
 21, 13,  475
 24, 13,  475
 25, 14,  475
 29,  1,  476
 31,  5,  476
 14,  6,  476
 15,  9,  476
 33,  9,  476
 16, 10,  476
 31, 11,  476
 20, 13,  476
 26, 13,  476
 27, 13,  476
 16,  2,  477
 15,  5,  477
 16,  5,  477
 14,  7,  477
 17, 10,  477
 17, 11,  477
 24, 14,  477
 28,  1,  478
 31,  2,  478
 15,  3,  478
 32,  8,  478
 33,  8,  478
 14,  9,  478
 16,  9,  478
 16, 11,  478
 28, 12,  478
 19, 13,  478
 28, 13,  478
 27, 14,  478
 22,  1,  479
 14,  3,  479
 14,  4,  479
 14,  8,  479
 33, 10,  479
 20, 11,  479
 20, 14,  479
 21, 14,  479
 34,  4,  480
 13,  7,  480
 34,  9,  480
 18, 13,  480
 34,  3,  481
 34,  6,  481
 33,  7,  481
 13,  8,  481
 34,  8,  481
 16, 12,  481
 33, 13,  481
 22, 14,  481
 25, 15,  481
 30,  1,  482
 15,  2,  482
 32,  2,  482
 35,  7,  482
 32, 10,  482
 15, 11,  482
 19, 14,  482
 19, 15,  482
 33,  3,  483
 14,  5,  483
 34,  7,  483
 35,  9,  483
 14, 10,  483
 34, 10,  483
 14, 11,  483
 15, 12,  483
 23, 14,  483
 31,  1,  484
 15, 10,  484
 30, 13,  484
 31, 13,  484
 32, 13,  484
 32,  1,  485
 13,  4,  485
 33,  4,  485
 12,  5,  485
 34,  5,  485
 13,  9,  485
 13, 10,  485
 32, 11,  485
 14, 12,  485
 31, 12,  485
 22, 15,  485
 15,  1,  486
 17,  1,  486
 34,  2,  486
 13,  5,  486
 12,  7,  486
 36,  7,  486
 16, 13,  486
 26, 14,  486
 28, 14,  486
 28, 15,  486
 17, 12,  487
 26, 15,  487
 13,  2,  488
 13,  3,  488
 35,  5,  488
 13,  6,  488
 35,  8,  488
 30, 12,  488
 17, 13,  488
 29, 14,  488
 30, 15,  488
 23, 16,  488
 24, 16,  488
 14,  2,  489
 12,  8,  489
 33, 11,  489
 15, 13,  489
 23, 15,  489
 24, 15,  489
 33,  2,  490
 35,  4,  490
 36,  5,  490
 32, 12,  490
 34, 13,  490
 18, 16,  490
 13,  1,  491
 33,  1,  491
 12,  4,  491
 11,  6,  491
 35,  6,  491
 36,  6,  491
 35, 10,  491
 21, 15,  491
 27, 15,  491
 36,  4,  492
 34, 11,  492
 13, 12,  492
 17, 14,  492
 20, 15,  492
 12,  6,  493
 36,  9,  493
 29, 15,  493
 12,  3,  494
 10,  5,  494
 11,  7,  494
 12, 10,  494
 18, 14,  494
 31, 14,  494
 21, 16,  494
 14,  1,  495
 35,  3,  495
 37,  7,  495
 35, 11,  495
 33, 14,  495
 35,  1,  496
 36,  2,  496
 11,  5,  496
 11,  9,  496
 12,  9,  496
 34, 12,  496
 16, 14,  496
 30, 14,  496
 31, 15,  496
 27, 16,  496
 12,  1,  497
 33, 12,  497
 18, 15,  497
 32, 15,  497
 33, 15,  497
 35,  2,  498
 37,  5,  498
  9,  7,  498
 12, 11,  498
 13, 11,  498
 17, 15,  498
 12,  2,  499
 10,  4,  499
 37, 11,  499
 12, 12,  499
 15, 14,  499
 22, 16,  499
 22, 17,  499
 37,  6,  500
 10,  7,  500
 36,  8,  500
 36, 10,  500
 14, 13,  500
 34, 14,  500
 19, 16,  500
 34,  1,  501
 37,  3,  501
 11,  8,  501
 10, 10,  501
 14, 14,  501
 32, 14,  501
 16, 15,  501
  9,  2,  502
 10,  3,  502
 37,  9,  502
 11, 11,  502
 35, 13,  502
 25, 16,  502
 26, 16,  502
 18, 17,  502
 36,  1,  503
 11,  2,  503
 37,  4,  503
 10,  6,  503
 20, 16,  503
 21, 17,  503
 11,  4,  504
 11, 10,  504
 25, 17,  504
 11,  3,  505
 36, 11,  505
 13, 13,  505
 17, 16,  505
 29, 16,  505
 35, 12,  506
 15, 15,  506
 28, 17,  506
 38, 10,  507
 10, 11,  507
 19, 17,  507
 35, 14,  508
 32, 16,  508
 26, 17,  508
 10,  9,  509
 11, 12,  509
 36, 12,  509
 36, 13,  509
 10,  8,  510
 37, 10,  510
 15, 16,  510
 24, 17,  510
 38,  7,  511
 12, 14,  511
 34, 15,  511
 30, 16,  511
 30, 17,  511
 37,  2,  512
 39,  4,  512
 37,  8,  512
 38,  8,  512
 28, 16,  512
 23, 17,  512
 27, 18,  512
 36,  3,  513
  9,  6,  513
 31, 16,  513
 33, 16,  513
 29, 17,  513
 22, 18,  513
  9, 11,  514
 14, 15,  514
 27, 17,  514
 23, 18,  514
 38,  3,  515
 38,  6,  515
 39,  7,  515
 24, 18,  515
  9,  3,  516
  9,  9,  516
 19, 18,  516
 10,  1,  517
  9, 10,  517
 37, 12,  517
 11, 13,  517
 12, 13,  517
 13, 14,  517
 16, 16,  517
 16, 17,  517
 25, 18,  517
 38,  2,  518
  9,  4,  518
 39,  6,  518
  9,  8,  518
 10, 13,  518
 17, 17,  518
 11,  1,  519
  9,  5,  519
 38,  9,  520
 20, 17,  520
  8,  4,  521
 36, 14,  521
 10,  2,  522
 39,  5,  522
 37,  1,  523
 40,  7,  523
 37, 13,  523
 12, 15,  523
  8,  9,  524
  9, 12,  524
 38,  5,  525
  8,  8,  525
 33, 17,  525
  8,  7,  526
 15, 17,  526
 13, 16,  527
 38,  4,  528
 27, 19,  528
 38, 11,  529
 36, 15,  529
 17, 18,  529
  8,  3,  530
  8,  5,  530
 34, 16,  530
 20, 18,  530
 26, 18,  530
 30, 18,  530
  7,  6,  532
  7,  9,  532
 39, 10,  532
 38, 13,  532
 11, 15,  532
 14, 16,  532
  9, 13,  533
 11, 14,  533
 14, 17,  533
 10, 12,  534
 28, 18,  534
  8, 12,  535
 12, 16,  535
 21, 18,  535
 38,  1,  537
 39, 12,  537
 35, 15,  538
 29, 18,  538
  9,  1,  539
 40, 10,  539
 10, 14,  539
 13, 15,  539
 39,  8,  540
 34, 17,  541
 21, 19,  541
 25, 19,  541
  8, 10,  542
 31, 19,  542
  8,  2,  543
 39, 13,  543
 16, 18,  543
  8,  6,  544
 35, 16,  545
 13, 17,  545
 37, 14,  546
 39,  1,  547
 40,  8,  547
 32, 17,  547
 24, 19,  547
 25, 20,  548
  7,  5,  549
  6,  8,  549
 39,  9,  549
 18, 19,  549
 23, 19,  550
  7,  7,  551
 40, 11,  551
 31, 17,  551
 39, 11,  553
 35, 17,  554
 22, 19,  554
  8, 11,  555
 30, 19,  556
 15, 18,  557
 39,  2,  558
 40,  6,  558
 33, 18,  559
 14, 18,  561
 40,  4,  562
 28, 19,  562
 20, 19,  565
 18, 18,  566
 29, 19,  566
  7, 10,  568
 38, 12,  568
  7,  8,  573
 31, 18,  573
 39,  3,  574
  6,  6,  576
 17, 19,  581
  8,  1,  586
 40,  9,  677
 19, 19,  683
 26, 19,  684
 23, 20,  686
 21, 20,  688
 24, 20,  694
 20, 20,  696
 29, 20,  696
  8, 13,  697
 11, 16,  697
 22, 20,  699
 12, 18,  702
 24, 21,  703
 15, 19,  705
 16, 19,  705
 19, 20,  705
 37, 15,  707
 37, 16,  707
 17, 20,  707
 30, 20,  707
  7,  3,  708
 18, 20,  708
 40,  5,  709
 10, 15,  710
 26, 20,  710
 32, 18,  711
 34, 18,  711
 36, 16,  712
 35, 18,  712
  9, 15,  713
 12, 17,  713
 36, 17,  713
 27, 20,  714
  6,  5,  715
  7, 11,  715
 28, 20,  715
 38, 14,  716
 33, 19,  716
 21, 21,  716
 23, 21,  716
  7,  2,  717
  7, 13,  717
 38, 16,  717
 10, 17,  718
 32, 19,  718
  6, 10,  719
 25, 21,  719
  7, 12,  720
  9, 14,  720
 13, 18,  720
 15, 20,  720
 20, 21,  720
 26, 21,  720
 29, 21,  720
  7,  4,  721
 37, 17,  723
 10, 16,  724
 16, 20,  724
 32, 20,  724
  8, 14,  725
 38, 15,  725
 36, 18,  725
 22, 21,  725
 12, 19,  726
  7,  1,  727
  6,  7,  727
 40, 12,  727
 17, 21,  727
 34, 19,  728
 31, 20,  728
  8, 15,  729
 11, 17,  729
 18, 21,  729
 30, 21,  729
  7, 15,  730
 19, 21,  730
  6,  4,  731
  6,  9,  731
 28, 21,  732
 40,  1,  733
  6, 12,  733
 39, 14,  733
 16, 21,  733
 22, 22,  733
  5,  7,  734
  7, 14,  734
 11, 18,  734
 24, 22,  734
  9, 17,  735
 13, 20,  735
 31, 21,  735
 38, 17,  736
 13, 19,  736
 14, 19,  736
 34, 20,  736
 40,  3,  737
 27, 21,  737
 23, 22,  737
 39, 16,  738
 35, 19,  738
 12, 20,  738
 39, 15,  739
 37, 18,  739
 11, 19,  739
 32, 21,  739
 20, 22,  739
  5, 10,  740
  6, 13,  740
 21, 22,  740
 25, 22,  740
  8, 16,  741
  9, 16,  742
 24, 23,  742
 36, 19,  743
 16, 22,  743
 10, 18,  744
 33, 21,  744
 26, 22,  744
 19, 23,  744
 22, 23,  744
 26, 23,  744
  6, 14,  745
 33, 20,  745
 27, 22,  745
 14, 21,  746
 17, 22,  746
 18, 22,  746
 14, 20,  747
 29, 22,  747
 30, 22,  747
 28, 23,  748
 10, 19,  749
 28, 22,  749
 22, 24,  749
  4,  3,  750
  6, 11,  750
  5, 12,  750
 40, 15,  750
  7, 16,  750
 39, 17,  750
 25, 23,  750
  5,  9,  751
  5, 14,  751
  5,  3,  752
  6,  3,  752
 20, 23,  752
  6,  2,  753
  5,  8,  753
 40, 14,  753
  8, 17,  753
  4, 10,  754
 40, 13,  754
 38, 18,  754
 15, 21,  754
 29, 23,  754
  5,  5,  755
 18, 23,  755
  9, 18,  756
 12, 21,  756
 25, 24,  756
 35, 20,  757
 14, 22,  757
 15, 22,  757
  4,  6,  758
  5,  6,  758
  5, 11,  758
 35, 21,  758
  6, 15,  759
 19, 22,  759
 23, 23,  759
  5,  4,  760
  5, 13,  760
  7, 17,  760
 34, 21,  760
 32, 22,  760
 27, 23,  760
  3,  8,  761
 30, 23,  761
 28, 24,  761
 31, 22,  762
 23, 24,  762
  4,  9,  763
  4, 11,  763
  5,  2,  765
  3, 12,  765
  8, 18,  765
 10, 21,  765
 13, 21,  765
 33, 22,  765
 21, 23,  765
  4,  8,  766
  8, 20,  766
 11, 20,  766
 26, 24,  766
 24, 24,  767
  5,  1,  768
 40,  2,  768
  4,  7,  768
  4, 12,  768
  6, 17,  768
 19, 24,  768
 24, 25,  768
 17, 23,  769
 39, 18,  770
 16, 24,  770
 27, 24,  770
 37, 19,  771
 10, 20,  771
 18, 24,  771
  5, 16,  772
 39, 19,  772
  3,  7,  773
  2,  9,  773
 12, 22,  773
 31, 23,  773
  7, 18,  774
  4,  4,  775
  4,  5,  775
  5, 15,  775
  7, 19,  776
  9, 20,  776
 15, 23,  776
 32, 23,  776
 17, 24,  777
 20, 24,  777
  6,  1,  778
  4, 13,  778
  6, 16,  778
 37, 20,  778
 36, 21,  778
  8, 19,  779
 36, 20,  779
 20, 25,  779
  9, 19,  780
 14, 23,  780
  4, 14,  781
 12, 23,  781
 21, 24,  781
 13, 22,  782
 21, 25,  782
 40, 16,  783
 40, 17,  783
 23, 25,  783
  3,  9,  784
 11, 21,  784
 16, 23,  784
 29, 24,  784
 28, 25,  784
 38, 19,  785
 33, 23,  786
 17, 25,  786
 25, 25,  788
  3, 11,  789
 30, 24,  789
  3, 10,  792
  3,  3,  793
  5, 17,  793
  2,  7,  794
 10, 22,  794
 27, 25,  794
 15, 24,  795
  4, 15,  796
 34, 24,  796
  2,  5,  797
  1,  6,  797
  3, 13,  797
 36, 22,  797
 34, 23,  797
 14, 24,  797
 11, 22,  798
 35, 22,  798
 31, 24,  799
 13, 24,  800
 22, 25,  800
  3,  6,  801
  6, 18,  801
  9, 21,  801
 13, 23,  801
  3, 14,  803
 38, 20,  803
 18, 25,  804
  3,  5,  806
 33, 24,  806
 26, 25,  807
 30, 25,  807
  4,  2,  808
  1, 10,  809
  7, 20,  809
  2,  8,  810
  4, 16,  810
  2, 12,  811
 37, 21,  811
 38, 21,  811
 23, 26,  811
  2, 11,  812
 39, 20,  813
  9, 22,  814
 34, 22,  814
 19, 25,  814
  8, 22,  815
  2, 10,  816
  9, 23,  817
 32, 24,  818
 12, 24,  823
 37, 22,  825
 17, 26,  825
  3,  4,  826
  5, 19,  828
  4, 17,  832
 16, 25,  832
  5, 18,  834
 29, 25,  840
  1,  7,  841
  3, 16,  842
 40, 18,  842
  6, 19,  842
 11, 24,  842
 24, 26,  844
  4,  1,  845
  8, 21,  845
 14, 26,  845
 11, 23,  846
 10, 24,  853
  7, 21,  854
  1,  8,  873
 35, 24,  894
 13, 25,  900
 15, 25,  902
 21, 26,  903
 28, 26,  903
 19, 26,  905
  2,  6,  906
  2,  3,  907
 20, 26,  907
 30, 26,  907
  3, 15,  908
 11, 25,  909
 35, 23,  910
 26, 26,  910
 20, 27,  910
 32, 25,  912
  6, 21,  913
 39, 21,  913
 37, 23,  913
 31, 26,  914
  1,  9,  915
 16, 26,  915
  2,  4,  916
 40, 19,  916
 33, 25,  916
 21, 27,  916
  7, 22,  917
 38, 22,  917
 31, 25,  917
 40, 22,  918
 32, 26,  918
  1,  5,  919
 10, 23,  919
  2, 13,  920
 38, 24,  920
 18, 26,  920
  3,  1,  922
  3,  2,  922
  1,  3,  922
 25, 26,  922
 27, 26,  922
 22, 27,  922
 28, 27,  922
  2, 15,  923
 40, 20,  923
 36, 24,  923
 23, 27,  923
 36, 23,  924
 19, 27,  924
 24, 27,  924
  3, 17,  925
  5, 20,  925
 12, 25,  925
 15, 26,  925
  1, 13,  926
  2, 14,  926
  4, 18,  926
 29, 26,  926
  3, 18,  927
 34, 25,  927
 37, 24,  928
 14, 25,  928
  6, 20,  929
 35, 25,  929
 17, 27,  929
 40, 21,  930
  8, 23,  930
  8, 24,  930
 22, 26,  930
 15, 27,  930
 23, 28,  930
 33, 26,  932
 34, 26,  932
 26, 27,  932
  3, 19,  933
  5, 22,  933
 25, 27,  933
 20, 28,  933
  2,  2,  934
 24, 28,  934
  4, 20,  935
 38, 23,  935
 12, 26,  935
 27, 27,  935
 22, 29,  935
 39, 22,  936
 37, 25,  936
  1,  4,  937
  1, 11,  937
  1, 12,  937
  1, 14,  937
  2, 16,  937
  4, 19,  937
  7, 23,  937
 10, 25,  937
 16, 27,  937
 13, 26,  938
 25, 28,  938
  2,  1,  939
 29, 27,  939
 18, 28,  939
  1, 16,  940
  9, 24,  940
 35, 26,  940
 14, 27,  940
 17, 28,  940
 36, 26,  941
 31, 27,  941
  9, 25,  942
 36, 25,  942
 30, 27,  942
 21, 28,  942
 27, 28,  942
 39, 23,  943
 13, 27,  943
 18, 27,  944
 32, 27,  944
 31, 28,  944
  5, 21,  945
 29, 28,  945
  4, 21,  946
 12, 27,  946
 15, 28,  946
 30, 28,  946
 21, 29,  946
  1, 15,  947
  2, 17,  947
  1, 18,  947
  6, 22,  947
 33, 27,  947
 19, 28,  947
 18, 29,  947
 26, 29,  948
  1, 17,  949
 22, 28,  949
  7, 24,  950
 11, 26,  950
 28, 28,  950
 33, 28,  950
  6, 23,  951
 39, 24,  951
 40, 24,  951
 25, 29,  951
 31, 29,  951
 38, 25,  952
 26, 28,  952
 19, 29,  952
 26, 30,  952
 34, 27,  953
 28, 29,  953
  3, 21,  954
  4, 22,  954
 10, 26,  954
 24, 29,  954
  1,  2,  955
 13, 28,  955
  2, 18,  956
 37, 26,  956
 20, 29,  956
 30, 29,  956
 25, 30,  956
 39, 25,  957
 16, 28,  957
 15, 29,  957
 19, 30,  957
  1,  1,  958
  8, 25,  958
  7, 26,  958
 11, 27,  958
 24, 30,  958
  2, 19,  959
  7, 25,  959
 10, 27,  959
 32, 28,  959
 17, 29,  959
 23, 29,  959
 38, 26,  960
 14, 28,  960
 35, 28,  960
 27, 29,  961
 18, 30,  961
  3, 20,  962
 40, 23,  962
 16, 29,  962
 29, 29,  962
 33, 29,  962
 29, 30,  962
 36, 27,  963
 37, 27,  963
 34, 28,  964
 32, 29,  964
 16, 30,  964
 20, 30,  964
 22, 30,  964
 26, 31,  964
  5, 23,  965
 35, 27,  965
  8, 26,  966
 12, 28,  966
 14, 29,  966
 15, 30,  966
  6, 24,  968
 28, 30,  968
 30, 30,  968
 22, 31,  968
  2, 20,  969
  3, 22,  969
  9, 26,  969
 23, 30,  969
 17, 30,  970
 19, 31,  970
 40, 25,  971
 40, 26,  971
 35, 29,  971
 21, 30,  971
 27, 30,  971
 21, 31,  971
  1, 19,  972
  9, 28,  972
 11, 28,  972
 24, 31,  972
  4, 23,  973
  1, 20,  974
  5, 24,  974
 10, 28,  974
 12, 29,  974
 17, 31,  974
 23, 31,  974
 25, 31,  974
  7, 27,  975
 38, 27,  975
 14, 30,  975
 39, 26,  976
 36, 28,  976
 31, 30,  976
 33, 30,  976
 18, 31,  976
  6, 25,  977
 13, 30,  977
 27, 31,  977
  5, 25,  978
 13, 29,  978
 30, 31,  978
  2, 21,  979
  1, 22,  979
  9, 27,  979
 12, 30,  979
 20, 31,  979
  2, 22,  980
 29, 31,  980
 32, 31,  980
 38, 28,  981
  8, 27,  982
 37, 29,  982
 16, 31,  982
 26, 32,  982
  4, 25,  983
 28, 31,  983
 19, 32,  983
  1, 21,  984
  3, 23,  984
  4, 24,  984
 15, 31,  984
 15, 32,  984
  6, 26,  985
 37, 28,  985
 11, 29,  985
 34, 29,  985
 32, 30,  985
 27, 32,  985
  3, 24,  986
  9, 29,  986
 10, 29,  986
 34, 30,  987
 31, 31,  987
 23, 32,  987
 39, 27,  988
 18, 32,  990
  8, 28,  991
 30, 32,  991
  4, 26,  992
 40, 27,  992
 40, 28,  992
 36, 29,  992
 22, 32,  992
 36, 30,  993
 18, 33,  993
 24, 33,  993
  2, 25,  994
 13, 31,  994
  2, 23,  995
  2, 24,  995
  7, 29,  995
 35, 31,  995
 25, 32,  995
  3, 25,  996
  5, 26,  996
 38, 29,  996
  1, 24,  997
  5, 27,  997
  6, 27,  997
  9, 30,  997
 21, 32,  997
 24, 32,  997
  7, 28,  999
 35, 30,  999
 10, 30, 1000
 28, 32, 1000
  1, 23, 1001
 14, 31, 1001
 34, 31, 1001
 17, 32, 1001
 20, 32, 1001
 20, 33, 1001
  4, 27, 1002
  8, 29, 1002
 19, 33, 1002
 39, 28, 1003
 23, 33, 1003
 33, 31, 1004
  1, 25, 1005
 12, 31, 1005
 14, 32, 1006
 16, 32, 1006
 31, 32, 1006
 26, 33, 1006
 11, 31, 1007
 29, 32, 1007
 15, 33, 1007
 21, 33, 1007
 26, 34, 1007
  8, 30, 1008
 22, 33, 1008
 27, 33, 1008
 30, 33, 1008
  6, 28, 1009
  9, 31, 1010
 33, 32, 1010
  3, 27, 1011
 28, 33, 1011
  4, 28, 1012
 32, 32, 1012
 29, 33, 1012
 24, 34, 1012
  3, 26, 1013
 20, 34, 1013
 25, 34, 1013
 11, 30, 1014
  8, 31, 1014
 34, 32, 1014
 33, 33, 1014
 17, 33, 1015
 37, 30, 1016
 25, 33, 1016
 31, 34, 1016
 10, 31, 1017
 11, 32, 1017
 39, 30, 1018
 14, 33, 1018
  7, 30, 1019
  2, 26, 1020
 40, 29, 1020
 39, 29, 1021
 36, 31, 1021
 12, 32, 1021
 27, 34, 1021
  5, 28, 1022
 23, 34, 1023
  9, 32, 1024
 37, 32, 1025
 38, 30, 1026
 29, 34, 1026
  6, 30, 1027
 37, 31, 1027
 13, 32, 1028
 16, 34, 1028
 18, 34, 1029
  2, 27, 1030
 13, 33, 1030
 19, 34, 1030
  5, 29, 1031
 38, 31, 1031
 36, 32, 1032
 31, 33, 1032
 17, 34, 1032
  6, 29, 1033
  8, 32, 1033
 35, 32, 1033
 16, 33, 1034
 22, 34, 1034
 28, 34, 1034
 12, 33, 1035
 13, 34, 1035
 10, 32, 1038
 21, 34, 1038
  3, 28, 1039
 40, 30, 1039
 30, 34, 1039
 39, 31, 1040
 26, 35, 1040
  4, 29, 1041
 32, 33, 1041
  1, 26, 1042
 17, 35, 1044
  5, 30, 1045
 35, 33, 1045
 15, 34, 1047
 32, 34, 1047
  2, 28, 1048
 18, 35, 1049
 11, 33, 1051
 38, 32, 1053
 23, 35, 1053
 10, 33, 1054
 25, 35, 1057
 30, 35, 1057
  3, 29, 1059
 34, 33, 1059
 27, 36, 1060
  6, 31, 1061
 29, 35, 1061
  9, 33, 1063
 13, 35, 1064
 15, 35, 1065
 24, 35, 1065
 40, 31, 1066
  5, 31, 1068
 37, 33, 1069
 19, 35, 1069
 20, 35, 1069
 36, 33, 1070
 28, 35, 1071
  1, 27, 1073
  4, 30, 1073
 12, 34, 1073
 21, 35, 1075
 14, 35, 1077
 22, 35, 1080
 20, 36, 1080
  1, 28, 1081
  4, 31, 1082
 26, 36, 1082
 35, 34, 1083
 24, 36, 1084
  7, 31, 1085
  6, 33, 1086
 27, 35, 1087
  7, 32, 1088
 12, 35, 1088
 14, 34, 1092
  3, 30, 1094
  1, 29, 1096
  8, 33, 1098
 21, 36, 1102
 33, 35, 1103
  2, 29, 1107
 33, 34, 1108
  8, 34, 1113
 34, 34, 1120
 16, 35, 1157
 18, 36, 1159
 25, 36, 1161
 39, 32, 1163
 10, 34, 1173
  6, 32, 1177
  7, 34, 1180
 35, 35, 1180
 29, 36, 1180
  5, 32, 1181
 32, 35, 1182
 11, 34, 1183
 19, 36, 1183
  7, 33, 1186
 17, 36, 1186
 30, 36, 1188
 28, 36, 1190
 24, 37, 1191
 17, 37, 1192
 20, 37, 1192
 36, 34, 1196
 14, 36, 1196
 23, 36, 1196
 38, 33, 1197
 12, 36, 1198
 31, 35, 1199
 15, 36, 1199
 32, 36, 1201
  9, 34, 1202
 10, 35, 1202
 23, 37, 1202
 34, 35, 1203
 16, 36, 1204
 22, 36, 1204
 25, 37, 1204
 13, 36, 1205
 31, 36, 1205
 18, 37, 1205
 36, 35, 1206
  5, 33, 1209
  3, 31, 1210
 39, 33, 1210
 16, 37, 1210
 37, 35, 1211
 22, 37, 1211
  9, 35, 1213
 21, 37, 1213
 27, 37, 1213
 32, 37, 1213
 11, 36, 1214
  4, 32, 1215
 37, 34, 1215
 14, 37, 1215
 19, 37, 1215
 40, 32, 1217
 40, 33, 1217
 21, 38, 1217
  8, 35, 1218
 11, 35, 1218
 28, 37, 1218
 29, 37, 1218
 34, 36, 1219
  4, 33, 1220
  2, 30, 1221
 15, 37, 1222
 30, 37, 1222
 23, 38, 1222
 33, 36, 1225
 26, 38, 1225
  3, 32, 1226
 13, 37, 1226
 18, 38, 1226
 38, 34, 1227
 39, 34, 1229
 31, 37, 1229
 35, 36, 1230
 33, 37, 1232
 19, 38, 1232
 25, 38, 1232
 27, 38, 1232
  2, 33, 1233
  9, 36, 1234
 26, 37, 1234
 22, 38, 1234
 30, 38, 1234
  2, 31, 1235
 20, 38, 1235
 20, 39, 1235
  5, 34, 1236
 10, 36, 1236
 12, 37, 1236
 17, 38, 1236
  8, 36, 1237
 11, 37, 1237
 16, 38, 1238
  6, 34, 1239
 18, 39, 1239
  1, 30, 1240
 15, 38, 1240
 24, 38, 1240
 29, 38, 1240
 31, 38, 1240
  7, 35, 1242
 38, 35, 1242
 36, 36, 1243
 19, 39, 1243
 28, 39, 1243
 34, 37, 1244
  2, 32, 1246
  4, 34, 1246
 37, 36, 1246
 35, 37, 1246
 26, 39, 1246
 13, 38, 1247
 14, 38, 1247
  1, 31, 1251
 40, 34, 1252
 28, 38, 1253
 22, 39, 1253
 24, 39, 1253
 12, 38, 1254
  5, 35, 1255
  9, 37, 1255
 31, 39, 1255
 10, 37, 1256
 33, 38, 1256
 17, 39, 1257
 38, 36, 1261
 21, 39, 1261
 29, 39, 1261
 19, 40, 1261
 37, 37, 1262
  7, 36, 1263
 25, 39, 1263
 24, 40, 1263
  6, 36, 1264
 22, 40, 1264
 14, 39, 1265
  6, 35, 1266
 32, 39, 1266
 23, 39, 1267
 23, 40, 1267
  1, 33, 1268
  3, 33, 1268
 39, 35, 1269
 10, 38, 1269
 16, 39, 1270
 27, 40, 1270
  5, 36, 1272
 27, 39, 1275
 11, 38, 1277
 34, 38, 1277
 20, 40, 1277
  2, 34, 1278
  3, 34, 1278
  7, 37, 1278
 40, 35, 1279
  8, 37, 1279
 36, 38, 1279
 33, 39, 1279
 30, 40, 1279
 14, 40, 1281
  1, 32, 1282
 36, 37, 1283
 32, 38, 1283
 30, 39, 1283
 18, 40, 1283
  8, 38, 1284
  9, 38, 1284
 11, 39, 1284
 15, 39, 1284
 12, 40, 1284
 12, 39, 1285
 13, 39, 1286
  6, 37, 1288
 38, 37, 1288
  9, 39, 1290
 40, 36, 1291
 16, 40, 1291
 25, 40, 1294
 28, 40, 1294
 29, 40, 1294
 15, 40, 1297
  4, 35, 1298
 39, 36, 1298
 17, 40, 1298
 32, 40, 1298
 11, 40, 1299
 35, 38, 1300
 10, 39, 1301
 37, 38, 1303
 31, 40, 1304
  3, 35, 1308
  5, 37, 1308
 26, 40, 1308
  4, 37, 1309
 34, 39, 1310
 33, 40, 1315
  1, 34, 1317
  2, 35, 1318
  2, 36, 1319
 21, 40, 1321
  4, 36, 1328
  6, 38, 1331
 40, 38, 1335
 13, 40, 1336
  7, 39, 1340
  7, 38, 1348
 35, 39, 1348
  3, 36, 1353
 39, 37, 1362
  1, 35, 1367
 10, 40, 1370
 40, 37, 1371
  8, 39, 1373
 37, 39, 1377
 36, 39, 1379
 38, 38, 1384
 34, 40, 1387
 38, 39, 1388
  6, 39, 1389
 35, 40, 1389
  2, 37, 1390
  3, 37, 1390
  8, 40, 1395
  9, 40, 1395
 36, 40, 1395
  5, 38, 1398
 39, 38, 1398
 39, 39, 1399
 37, 40, 1403
 38, 40, 1404
  7, 40, 1407
  5, 39, 1410
  1, 37, 1413
  4, 38, 1413
 39, 40, 1413
  2, 38, 1419
  6, 40, 1420
  3, 38, 1421
  4, 39, 1422
  1, 36, 1425
 40, 39, 1425
  1, 38, 1429
  3, 39, 1431
  5, 40, 1433
  2, 39, 1434
  4, 40, 1435
 40, 40, 1435
  1, 39, 1437
  3, 40, 1438
  2, 40, 1447
  1, 40, 1463
