 7,25, 1, 3,5
 24,  9,  548
 21,  9,  550
 24, 10,  551
 27,  7,  553
 23,  8,  554
 25,  8,  554
 27,  8,  555
 26, 10,  557
 25,  7,  558
 25, 11,  558
 24, 12,  558
 23,  6,  562
 26,  9,  562
 23, 11,  566
 26,  8,  568
 25, 10,  568
 25,  9,  570
 24, 11,  570
 27, 11,  571
 28,  9,  574
 28, 11,  575
 26, 13,  577
 24,  7,  578
 28,  7,  578
 28, 10,  578
 29,  6,  580
 25,  6,  581
 22, 11,  590
 27,  9,  762
 21, 10,  769
 24,  6,  771
 22,  9,  773
 23, 13,  775
 27, 12,  776
 26,  7,  778
 21,  6,  779
 26,  6,  779
 23,  4,  780
 21,  7,  781
 23,  7,  781
 27, 10,  782
 25, 12,  782
 28, 12,  782
 23, 12,  783
 20, 13,  783
 26,  5,  786
 22, 10,  786
 21, 11,  786
 28,  6,  787
 22, 15,  787
 26, 11,  788
 29,  7,  790
 23, 10,  790
 22,  8,  792
 29,  8,  793
 25,  5,  794
 22,  7,  794
 21,  8,  794
 19,  8,  796
 20,  9,  796
 23,  9,  796
 26, 12,  796
 24,  4,  797
 25,  4,  797
 24,  5,  798
 29,  9,  799
 27, 13,  799
 27,  6,  801
 24,  8,  801
 20, 11,  801
 23,  5,  802
 22,  6,  802
 20,  6,  803
 20,  8,  803
 21, 12,  804
 27,  5,  805
 28,  5,  805
 24, 14,  805
 27, 14,  805
 22,  4,  806
 29,  5,  806
 30,  6,  806
 19, 12,  806
 20, 10,  808
 27,  3,  809
 29, 12,  809
 26, 14,  809
 21,  4,  811
 25, 13,  811
 28,  8,  812
 22,  3,  813
 22,  5,  813
 29, 10,  813
 22, 12,  814
 21, 14,  814
 25, 15,  814
 26,  4,  815
 19, 10,  815
 29, 11,  816
 20,  7,  817
 30,  7,  817
 30,  8,  817
 30, 12,  817
 30,  5,  818
 30, 10,  818
 24, 13,  818
 25,  3,  819
 30,  9,  819
 21, 13,  820
 25, 14,  820
 28,  4,  821
 22, 13,  821
 18, 10,  822
 24,  2,  823
 22, 14,  823
 23,  3,  824
 24,  3,  824
 19,  7,  824
 27,  4,  825
 18, 11,  825
 23, 14,  825
 26, 15,  825
 21,  5,  826
 18,  8,  827
 31,  9,  828
 32, 10,  828
 19, 11,  828
 20, 12,  828
 31, 11,  830
 32,  9,  832
 27, 15,  832
 21,  3,  833
 25,  2,  835
 29,  4,  836
 19,  6,  836
 31,  7,  836
 31, 10,  836
 30, 13,  836
 23, 16,  836
 30, 11,  837
 24, 15,  837
 28, 13,  838
 31,  6,  839
 26,  3,  840
 32, 12,  840
 17, 13,  840
 29, 13,  840
 26,  2,  841
 28, 14,  841
 25, 16,  841
 22,  2,  843
 18, 12,  843
 28,  2,  845
 20,  5,  845
 31, 12,  845
 20, 14,  845
 28, 15,  846
 30,  4,  849
 32, 11,  852
 20,  4,  855
 19,  9,  857
 19,  5,  859
 23, 15,  859
 19,  4,  861
 17, 10,  863
 31, 13,  864
 19, 13,  865
 24, 16,  865
 29,  3,  866
 28,  3,  870
 31,  3,  871
 21, 15,  961
 20,  3,  965
 17,  8,  965
 17,  7,  968
 23,  2,  971
 28,  1,  977
 32,  6,  978
 32,  7,  978
 17,  6,  979
 19, 14,  979
 18,  7,  980
 32,  8,  980
 25, 17,  980
 18,  9,  982
 23,  1,  983
 29,  2,  983
 34,  5,  983
 23, 17,  986
 26,  1,  989
 30,  2,  989
 32,  5,  989
 18, 13,  989
 20, 15,  989
 32, 13,  990
 29, 14,  990
 27, 16,  990
 31,  4,  991
 18,  5,  991
 16, 11,  991
 20, 16,  991
 31,  5,  992
 22, 16,  992
 22,  1,  993
 30,  3,  993
 16, 12,  993
 21,  2,  994
 27,  2,  994
 33,  7,  995
 32,  4,  996
 31,  8,  996
 33,  8,  996
 16, 10,  996
 26, 16,  996
 25,  1,  997
 33, 10,  997
 25, 18,  997
 18,  6,  998
 17, 12,  998
 33,  5,  999
 30, 14,  999
 18, 16,  999
 26, 17,  999
 19,  2, 1000
 16,  7, 1000
 16,  8, 1000
 17,  9, 1000
 27,  1, 1001
 17, 11, 1001
 28, 17, 1001
 24,  1, 1002
 32,  3, 1002
 18,  4, 1002
 34,  7, 1002
 15,  8, 1002
 33, 11, 1002
 19,  3, 1003
 33,  6, 1003
 24, 17, 1003
 24, 18, 1003
 20,  1, 1004
 21,  1, 1004
 17,  3, 1004
 16,  9, 1004
 18, 14, 1004
 29,  1, 1005
 18,  2, 1005
 20,  2, 1005
 33,  3, 1005
 21, 17, 1005
 18,  3, 1006
 15,  7, 1006
 33, 12, 1006
 16, 13, 1006
 32, 15, 1006
 21, 16, 1006
 30, 16, 1006
 22, 17, 1006
 31,  2, 1007
 30, 15, 1007
 28, 16, 1007
 29, 17, 1007
 31,  1, 1008
 33,  4, 1008
 34,  9, 1008
 18, 15, 1008
 29, 15, 1008
 33,  9, 1009
 15, 12, 1009
 19, 15, 1009
 20, 17, 1009
 27, 17, 1009
 30,  1, 1010
 17,  4, 1010
 34,  8, 1010
 34, 12, 1010
 17,  5, 1011
 15,  9, 1011
 14, 10, 1011
 17, 14, 1011
 33, 14, 1011
 29, 16, 1011
 24, 19, 1011
 19,  1, 1012
 32,  2, 1012
 33,  2, 1012
 16,  6, 1012
 15, 11, 1012
 31, 14, 1012
 17, 15, 1012
 30, 17, 1012
 27, 18, 1012
 34,  4, 1013
 34,  6, 1013
 31, 15, 1013
 19, 16, 1013
 31, 17, 1013
 23, 18, 1013
 21, 19, 1013
 35,  9, 1014
 33, 13, 1014
 17, 16, 1014
 31, 16, 1014
 28, 18, 1014
 16,  5, 1015
 15, 13, 1015
 21, 18, 1015
 18,  1, 1016
 14,  9, 1016
 32, 14, 1016
 19, 17, 1016
 22, 18, 1016
 29, 18, 1016
 25, 19, 1016
 16,  4, 1017
 35,  7, 1017
 14,  8, 1017
 35,  8, 1017
 26, 18, 1017
 15,  5, 1018
 15,  6, 1018
 33, 15, 1018
 16,  2, 1019
 17,  2, 1019
 15,  4, 1019
 15, 10, 1019
 18, 17, 1019
 32,  1, 1020
 34, 10, 1020
 34, 11, 1020
 14,  7, 1021
 14, 11, 1021
 35, 13, 1021
 35,  5, 1022
 14,  6, 1022
 35, 11, 1022
 15, 14, 1022
 16, 16, 1022
 20, 19, 1022
 27, 19, 1022
 26, 20, 1022
 14,  5, 1023
 36,  8, 1023
 34, 14, 1023
 15, 15, 1023
 20, 18, 1023
 22, 19, 1023
 35, 10, 1024
 36, 12, 1024
 34, 13, 1024
 23, 19, 1024
 26, 19, 1024
 28, 19, 1024
 17,  1, 1025
 36,  9, 1025
 35, 12, 1025
 35, 14, 1025
 33, 17, 1025
 29, 19, 1025
 34,  1, 1026
 15,  3, 1026
 34,  3, 1026
 16, 14, 1026
 16, 15, 1026
 30, 18, 1026
 36,  6, 1027
 18, 18, 1027
 35,  6, 1028
 13,  8, 1028
 13,  9, 1028
 36, 11, 1028
 14, 12, 1028
 36, 13, 1028
 32, 16, 1028
 33, 16, 1028
 27, 20, 1028
 16,  3, 1029
 36,  7, 1029
 14, 14, 1029
 31, 18, 1029
 13,  7, 1031
 36, 10, 1031
 14, 13, 1031
 34, 15, 1031
 19, 18, 1031
 33,  1, 1032
 35,  3, 1032
 37,  7, 1032
 13, 12, 1032
 17, 17, 1032
 29, 20, 1032
 26, 21, 1032
 36,  3, 1033
 13,  6, 1033
 35, 15, 1033
 16, 17, 1033
 19, 19, 1033
 31, 19, 1033
 20, 20, 1033
 24, 20, 1033
 30, 20, 1033
 15,  2, 1034
 13,  5, 1034
 36,  5, 1034
 32, 17, 1034
 17, 18, 1034
 23, 21, 1034
 15,  1, 1035
 35,  2, 1035
 13, 10, 1035
 22, 20, 1035
 23, 20, 1035
 16,  1, 1036
 37,  6, 1036
 12,  7, 1036
 14, 16, 1036
 15, 16, 1036
 19, 20, 1036
 25, 20, 1036
 25, 21, 1036
 34,  2, 1037
 38,  7, 1037
 13, 11, 1037
 32, 18, 1037
 32, 19, 1037
 37,  5, 1038
 30, 19, 1038
 22, 21, 1038
 27, 21, 1038
 34, 17, 1039
 14,  4, 1040
 36,  4, 1040
 12,  9, 1040
 13, 14, 1040
 28, 20, 1040
 31, 20, 1040
 35,  4, 1041
 37,  4, 1041
 37,  8, 1041
 38,  9, 1041
 21, 21, 1041
 14,  2, 1042
 14, 15, 1042
 17, 19, 1042
 18, 19, 1042
 13,  4, 1043
 12, 10, 1043
 37, 12, 1043
 34, 16, 1043
 20, 21, 1043
 29, 21, 1043
 12,  8, 1044
 37, 10, 1044
 12, 11, 1044
 36, 14, 1044
 15, 17, 1044
 16, 18, 1044
 33, 19, 1044
 24, 21, 1044
 28, 21, 1044
 21, 22, 1044
 22, 22, 1044
 35,  1, 1045
 12,  6, 1045
 37,  9, 1045
 11, 10, 1045
 38, 10, 1045
 38, 11, 1045
 26, 22, 1045
 36,  2, 1046
 13,  3, 1046
 38,  8, 1046
 37, 11, 1046
 13, 13, 1046
 36, 15, 1046
 35, 16, 1046
 21, 20, 1046
 30, 21, 1046
 12,  4, 1047
 14, 17, 1048
 18, 20, 1048
 25, 22, 1048
 14,  3, 1049
 39,  9, 1049
 12, 12, 1049
 37, 13, 1049
 13, 15, 1049
 35, 17, 1049
 23, 23, 1049
 15, 18, 1050
 34, 18, 1050
 14,  1, 1051
 38, 12, 1051
 37, 15, 1051
 34, 19, 1051
 12,  5, 1052
 12, 14, 1052
 13, 16, 1052
 23, 22, 1052
 27, 23, 1052
 38,  6, 1053
 39,  8, 1053
 11,  9, 1053
 36, 16, 1053
 35, 18, 1053
 32, 20, 1053
 36,  1, 1054
 37, 16, 1054
 27, 22, 1054
 11, 11, 1055
 13, 17, 1055
 33, 18, 1055
 13,  1, 1056
 13,  2, 1056
 11,  5, 1056
 11,  8, 1056
 39, 10, 1056
 15, 19, 1056
 19, 21, 1056
 32, 21, 1056
 10,  6, 1057
 37, 14, 1057
 12, 15, 1057
 28, 22, 1057
 12,  3, 1058
 38,  4, 1059
 11,  7, 1059
 12, 13, 1059
 29, 22, 1059
 37,  3, 1060
 16, 19, 1060
 21, 23, 1060
 39,  5, 1061
 38, 13, 1061
 38, 14, 1061
 24, 23, 1061
 17, 20, 1062
 33, 20, 1062
 24, 22, 1062
 38,  5, 1063
 40,  6, 1063
 39, 14, 1063
 11,  6, 1064
 31, 21, 1065
 37,  1, 1066
 40,  8, 1066
 37, 17, 1066
 31, 22, 1066
 28, 23, 1066
 10, 10, 1067
 35, 20, 1067
 38,  3, 1068
 39,  7, 1068
 14, 19, 1068
 15, 20, 1068
 16, 20, 1068
 25, 23, 1068
 26, 23, 1068
 10,  9, 1069
 18, 21, 1069
 33, 21, 1069
 29, 23, 1069
 24, 24, 1069
 14, 18, 1070
 20, 22, 1070
 32, 22, 1070
 12,  1, 1071
 39,  6, 1071
 39, 11, 1071
 11, 12, 1071
 36, 17, 1071
 37,  2, 1072
 10, 11, 1072
 21, 24, 1072
 10, 12, 1073
 11, 13, 1073
 38, 15, 1073
 12, 16, 1073
 12, 17, 1073
 34, 21, 1073
 39,  4, 1074
 40, 11, 1074
 11, 15, 1074
 19, 22, 1074
 10,  7, 1075
 11, 14, 1075
 36, 18, 1075
 17, 21, 1075
 22, 23, 1076
 39, 13, 1077
 23, 24, 1077
 10,  8, 1079
 39, 12, 1079
 30, 22, 1079
 36, 19, 1080
 13, 20, 1080
 11,  3, 1081
 40, 12, 1081
 35, 19, 1081
 38,  2, 1082
  9,  5, 1082
 40, 10, 1082
 39, 15, 1082
 13, 18, 1082
 14, 20, 1083
 20, 23, 1083
 10,  4, 1084
 10, 13, 1084
 16, 22, 1084
 12,  2, 1085
 11,  4, 1085
 40,  7, 1085
 10, 14, 1085
 13, 19, 1085
 34, 20, 1086
 38, 17, 1087
 17, 22, 1087
 18, 22, 1087
 38, 16, 1088
 27, 24, 1088
 10,  5, 1089
 22, 24, 1089
 38,  1, 1090
 39,  2, 1090
 34, 22, 1090
 18, 23, 1091
 30, 23, 1091
 40,  9, 1092
  9,  9, 1093
  9, 10, 1093
 12, 18, 1093
 26, 25, 1093
 40, 14, 1094
 11, 16, 1095
 40,  5, 1096
 16, 21, 1096
 25, 24, 1096
 26, 24, 1096
 28, 24, 1096
  8,  7, 1097
 15, 22, 1097
 39, 16, 1098
 11, 17, 1098
 39,  3, 1099
  9, 12, 1100
 31, 24, 1100
 11,  2, 1101
  8,  9, 1101
 10,  3, 1102
 19, 23, 1102
 20, 24, 1102
  9,  4, 1103
 40, 15, 1103
 37, 18, 1105
 15, 21, 1105
 35, 21, 1106
 32, 23, 1106
 40,  3, 1109
  9,  6, 1109
 10, 15, 1110
 34, 23, 1110
 33, 22, 1111
 28, 25, 1111
  9,  8, 1113
 14, 21, 1115
 14, 22, 1118
  9,  3, 1119
  9, 13, 1120
 29, 24, 1121
 40, 16, 1122
 10, 18, 1123
 13, 21, 1124
 40, 13, 1127
 11,  1, 1128
 10, 16, 1131
 27, 25, 1131
  9,  7, 1132
 37, 20, 1132
 40,  4, 1133
 11, 18, 1134
 12, 19, 1134
 31, 23, 1137
 40,  2, 1138
  9, 11, 1138
 21, 25, 1141
 22, 25, 1145
 39, 17, 1213
 25, 25, 1227
 23, 25, 1230
 38, 18, 1233
 32, 24, 1234
 30, 24, 1237
  8,  8, 1239
 17, 23, 1239
 37, 19, 1240
  8, 11, 1241
  9, 14, 1241
  8, 13, 1243
 38, 20, 1243
 29, 25, 1243
 24, 25, 1245
  8,  5, 1247
 36, 20, 1247
 33, 23, 1247
 18, 24, 1248
  8, 10, 1249
 36, 21, 1249
 12, 20, 1251
 35, 22, 1251
 16, 23, 1252
 16, 24, 1252
 10, 17, 1253
 10, 19, 1254
 15, 23, 1254
 17, 24, 1254
 23, 26, 1254
 39,  1, 1255
  9, 15, 1255
 19, 24, 1255
  7, 10, 1257
 24, 26, 1257
 20, 25, 1258
 19, 25, 1259
 25, 26, 1260
  7, 11, 1261
  7, 12, 1261
 38, 19, 1261
 30, 25, 1261
 10,  2, 1262
 40, 17, 1262
 11, 19, 1262
  8,  6, 1263
  8, 12, 1264
 10, 20, 1264
 37, 21, 1264
 36, 22, 1264
  8,  3, 1265
 12, 21, 1265
  9,  2, 1266
  8, 15, 1266
 29, 26, 1266
  9, 16, 1267
 13, 23, 1267
 14, 23, 1267
 34, 24, 1267
 26, 26, 1267
  8, 14, 1268
 18, 25, 1268
 21, 26, 1268
 25, 27, 1268
  7,  9, 1269
  9, 17, 1269
 11, 20, 1269
 16, 25, 1269
 19, 26, 1269
  7,  6, 1270
 33, 24, 1270
 28, 26, 1270
 39, 18, 1271
 40, 18, 1271
 18, 26, 1271
 20, 26, 1271
 22, 26, 1271
  7,  8, 1272
  6,  9, 1272
 37, 22, 1272
 27, 26, 1272
  8,  4, 1273
  9, 19, 1273
  9,  1, 1274
 12, 22, 1274
 32, 25, 1274
 23, 27, 1274
 35, 23, 1275
 17, 25, 1275
 10,  1, 1276
  6, 11, 1276
 14, 24, 1276
  7, 13, 1277
 38, 21, 1277
  8, 16, 1278
 39, 19, 1278
 30, 26, 1278
  7,  5, 1279
 15, 24, 1279
 13, 22, 1280
 31, 25, 1280
 26, 27, 1280
  8,  2, 1281
  8, 17, 1281
  9, 18, 1281
 31, 26, 1281
 28, 27, 1281
  6, 10, 1282
 37, 23, 1282
 17, 26, 1282
 22, 27, 1282
 11, 22, 1283
 34, 25, 1283
  7, 14, 1284
 39, 21, 1285
  6,  8, 1286
  6, 14, 1286
 35, 24, 1286
 23, 28, 1286
 26, 28, 1286
  7, 15, 1287
 36, 23, 1287
 15, 25, 1287
  6,  5, 1288
  7,  7, 1288
 39, 20, 1288
 10, 21, 1288
  6,  6, 1289
  8, 18, 1289
 25, 28, 1290
 30, 28, 1290
 40, 19, 1291
  6, 13, 1292
 13, 24, 1292
 36, 24, 1292
 36, 25, 1292
 21, 27, 1292
 24, 27, 1292
 30, 27, 1292
  7, 17, 1293
  9, 20, 1293
 15, 26, 1293
 29, 27, 1294
 31, 27, 1294
  6, 12, 1295
 14, 25, 1295
 19, 27, 1295
 27, 28, 1295
 11, 21, 1296
  9, 22, 1296
 16, 26, 1296
 32, 27, 1296
 24, 28, 1297
 33, 25, 1298
 39, 22, 1299
 20, 27, 1299
 27, 27, 1299
 20, 28, 1299
  7,  2, 1300
  7,  4, 1300
  5, 10, 1300
  6, 16, 1300
  8, 19, 1300
 11, 23, 1301
 38, 22, 1302
 38, 23, 1302
 33, 26, 1302
  6,  4, 1303
  7, 16, 1303
 34, 26, 1303
 18, 27, 1303
 40,  1, 1304
  6, 15, 1304
 21, 28, 1304
  6,  2, 1305
  7,  3, 1305
  6,  7, 1305
 12, 23, 1305
 12, 24, 1305
 10, 22, 1306
  7, 18, 1307
 13, 25, 1307
 37, 24, 1308
  4,  9, 1309
  5, 12, 1309
 12, 25, 1309
 36, 26, 1309
 17, 27, 1309
 17, 28, 1309
 40, 20, 1310
 23, 29, 1310
 25, 29, 1310
 29, 28, 1311
 24, 29, 1311
 35, 25, 1312
 21, 29, 1313
 26, 29, 1313
  9, 21, 1314
 32, 26, 1314
 22, 29, 1314
  5,  5, 1315
 18, 28, 1316
 31, 28, 1316
  6, 18, 1317
 11, 25, 1317
 16, 27, 1317
 19, 28, 1317
 22, 28, 1317
 28, 29, 1317
  5,  6, 1318
  5, 11, 1318
 40, 21, 1318
  5, 14, 1319
  6, 17, 1319
  8, 20, 1319
  8, 21, 1319
 10, 23, 1319
 15, 27, 1319
  8,  1, 1320
 14, 26, 1320
 27, 29, 1320
  6,  3, 1321
  7, 19, 1321
 34, 27, 1321
 21, 30, 1321
  7,  1, 1322
  5,  7, 1322
 29, 30, 1322
  5, 13, 1323
  5, 17, 1324
 24, 30, 1324
 12, 26, 1325
 16, 28, 1325
  4,  6, 1326
 35, 27, 1326
  7, 20, 1327
 11, 24, 1327
  5,  9, 1328
 19, 29, 1328
  4, 11, 1329
 39, 23, 1329
 28, 28, 1329
 18, 29, 1329
 20, 29, 1329
 29, 29, 1329
  8, 22, 1330
 13, 26, 1330
 35, 26, 1330
 33, 27, 1330
  4, 10, 1331
 26, 30, 1331
  5,  4, 1332
 40, 22, 1332
 38, 24, 1332
 30, 29, 1332
 22, 30, 1332
 25, 30, 1332
  4,  8, 1333
  5,  8, 1333
  3,  9, 1333
  9, 23, 1333
 40, 23, 1333
 14, 27, 1333
 31, 29, 1333
  6, 19, 1334
 37, 25, 1334
 32, 28, 1334
 37, 26, 1335
  5,  3, 1336
  5, 16, 1336
 10, 24, 1336
  8, 23, 1337
 15, 28, 1339
  5, 15, 1340
 14, 28, 1341
  4, 12, 1342
 13, 27, 1343
  4,  4, 1344
  6, 21, 1344
 10, 25, 1345
  4,  7, 1346
  4, 13, 1346
 12, 27, 1347
 28, 30, 1347
  5, 19, 1348
 20, 30, 1348
 28, 31, 1348
 11, 26, 1349
 30, 30, 1349
  7, 23, 1351
 34, 28, 1351
 19, 30, 1351
  6, 20, 1352
  7, 21, 1352
 23, 30, 1352
  4, 14, 1353
  3, 10, 1354
 34, 29, 1354
 38, 26, 1355
 33, 28, 1356
  7, 22, 1357
  9, 24, 1357
 27, 30, 1357
 32, 29, 1359
  3, 12, 1363
 10, 26, 1363
 16, 29, 1363
 17, 30, 1366
 13, 28, 1371
 15, 29, 1372
 17, 29, 1372
  2, 12, 1373
  4,  5, 1376
  4, 18, 1376
 10, 27, 1376
 21, 31, 1376
  4, 17, 1378
  8, 24, 1378
  5, 21, 1379
  3, 11, 1380
  3, 13, 1380
  9, 25, 1381
  5,  1, 1383
 26, 31, 1385
  3,  5, 1386
  3, 14, 1387
 36, 28, 1391
  4, 16, 1393
 11, 27, 1396
 13, 29, 1397
  3,  7, 1401
 16, 31, 1402
 22, 31, 1403
 29, 31, 1405
  2,  6, 1409
  2, 10, 1411
 24, 31, 1414
  3, 17, 1415
 33, 30, 1416
 35, 28, 1417
  9, 26, 1423
 25, 31, 1425
  4, 15, 1426
  5, 18, 1426
 37, 27, 1427
 27, 31, 1430
  5, 20, 1432
  3,  6, 1433
 23, 32, 1433
  7, 24, 1434
  6,  1, 1435
  6, 23, 1436
 38, 25, 1437
 33, 29, 1440
  2, 11, 1441
  6, 22, 1441
 40, 24, 1441
  4,  3, 1442
  5,  2, 1444
 39, 24, 1444
 20, 31, 1444
 30, 31, 1444
 36, 29, 1445
  8, 25, 1446
 11, 28, 1447
 29, 32, 1447
 23, 31, 1448
 36, 27, 1449
  4,  1, 1450
  3,  4, 1450
  3,  8, 1450
 13, 30, 1451
 19, 31, 1452
  2,  9, 1455
  3, 18, 1455
 35, 29, 1455
 31, 30, 1457
 39, 27, 1458
  1, 13, 1459
  2, 14, 1460
 39, 26, 1460
 35, 30, 1460
 14, 29, 1461
 31, 31, 1461
 15, 30, 1462
 20, 32, 1462
  4,  2, 1463
 38, 27, 1463
  3, 16, 1464
 25, 32, 1464
  4, 19, 1465
  9, 27, 1465
 12, 28, 1465
 21, 32, 1465
  5, 22, 1466
 40, 25, 1466
 32, 30, 1466
  2, 13, 1467
  6, 24, 1467
 39, 25, 1467
 38, 28, 1467
 18, 31, 1467
 32, 31, 1467
 18, 30, 1468
 34, 30, 1468
 17, 31, 1468
 22, 32, 1468
  3, 15, 1469
  3,  2, 1470
  1,  7, 1470
  2,  8, 1470
 37, 28, 1470
 16, 30, 1470
  2,  7, 1471
  1, 10, 1471
  1, 14, 1471
 37, 29, 1471
 26, 32, 1471
 28, 32, 1471
  1,  9, 1472
  7, 25, 1473
  8, 26, 1473
 17, 32, 1473
  1, 12, 1474
 10, 28, 1474
  2,  5, 1475
  1,  8, 1475
  9, 28, 1475
  2,  3, 1476
  3, 19, 1476
 40, 26, 1476
 34, 31, 1476
 16, 32, 1476
 24, 32, 1476
 30, 32, 1476
  1, 11, 1477
 15, 31, 1477
 27, 32, 1478
 22, 33, 1478
  4, 20, 1479
  5, 23, 1479
 12, 29, 1479
 33, 31, 1479
 18, 32, 1479
  2, 15, 1480
 11, 29, 1480
 14, 30, 1480
  2, 16, 1481
 31, 32, 1481
 28, 33, 1481
  1,  6, 1482
  1, 15, 1482
 35, 31, 1482
 32, 32, 1482
 27, 33, 1482
 29, 33, 1482
  1, 17, 1483
  3,  3, 1484
  2, 17, 1484
  4, 21, 1484
 40, 27, 1484
 19, 32, 1484
 25, 33, 1484
  2, 20, 1485
  8, 27, 1485
 10, 29, 1485
 13, 31, 1485
 24, 33, 1485
  2,  4, 1486
 19, 33, 1486
 23, 33, 1486
  2, 19, 1487
  3, 21, 1487
  5, 24, 1487
  6, 25, 1488
  8, 28, 1488
 39, 28, 1488
 36, 30, 1488
  2, 18, 1489
  4, 22, 1489
 17, 33, 1489
 26, 33, 1489
  3,  1, 1490
  1, 16, 1490
  3, 20, 1490
 38, 29, 1490
 40, 29, 1490
 12, 30, 1490
 37, 30, 1490
 33, 32, 1490
  1,  3, 1491
  1,  4, 1491
 36, 31, 1491
 32, 33, 1491
 23, 34, 1491
  1, 18, 1492
 20, 33, 1492
 25, 34, 1492
 21, 33, 1493
 24, 34, 1493
  1,  5, 1494
  2, 21, 1494
  7, 26, 1494
 30, 33, 1494
  9, 29, 1495
 14, 31, 1495
 29, 34, 1495
 37, 31, 1496
  5, 25, 1497
 15, 32, 1497
 34, 32, 1497
 18, 33, 1497
  2,  2, 1498
  3, 22, 1498
 11, 30, 1498
 12, 31, 1498
 15, 33, 1498
  2, 22, 1499
  3, 23, 1499
  5, 26, 1499
  7, 27, 1499
  2,  1, 1500
  1, 20, 1500
  4, 23, 1500
  6, 27, 1500
 38, 30, 1500
 31, 33, 1500
 40, 28, 1501
 35, 32, 1501
 16, 33, 1501
 33, 33, 1501
 34, 33, 1501
 39, 29, 1502
 21, 34, 1502
 27, 34, 1502
  1, 19, 1503
 10, 30, 1503
 38, 31, 1503
 18, 34, 1503
 28, 34, 1503
 12, 32, 1504
 30, 34, 1504
 32, 34, 1504
  7, 28, 1505
 11, 31, 1505
 14, 32, 1505
 26, 34, 1505
  1,  2, 1506
  6, 26, 1506
 22, 34, 1506
 23, 35, 1506
  8, 29, 1507
 36, 33, 1507
 28, 35, 1507
  4, 25, 1508
 19, 34, 1508
 36, 32, 1509
 20, 34, 1509
 31, 34, 1510
 27, 35, 1511
  4, 24, 1512
  9, 30, 1512
 17, 35, 1512
 18, 35, 1512
 35, 33, 1513
 17, 34, 1513
 39, 30, 1514
 13, 32, 1514
 37, 32, 1514
 19, 35, 1514
 21, 35, 1514
 26, 35, 1514
  1, 21, 1515
  5, 27, 1515
  8, 30, 1515
  9, 31, 1515
 26, 36, 1515
  7, 31, 1516
 39, 31, 1516
 14, 33, 1516
 24, 35, 1516
 25, 35, 1516
  1,  1, 1517
 13, 33, 1517
 16, 34, 1517
 14, 34, 1518
 22, 35, 1518
  3, 24, 1519
 38, 32, 1519
 29, 36, 1519
  2, 23, 1520
  4, 26, 1520
 10, 31, 1520
 37, 33, 1520
 33, 34, 1520
  7, 29, 1521
  1, 22, 1522
  6, 28, 1522
 10, 32, 1522
 29, 35, 1522
 20, 37, 1522
  3, 26, 1523
 15, 34, 1523
 31, 35, 1523
 19, 36, 1523
 22, 36, 1523
 23, 36, 1523
  8, 31, 1524
 40, 31, 1524
 11, 32, 1524
 25, 36, 1524
  4, 27, 1525
 12, 34, 1525
 20, 35, 1525
 33, 35, 1525
 30, 36, 1525
 26, 37, 1525
 39, 32, 1526
 30, 35, 1526
 21, 36, 1526
 34, 34, 1527
 36, 34, 1527
 16, 35, 1527
 32, 35, 1527
 31, 36, 1527
  5, 28, 1528
 24, 36, 1528
 28, 36, 1528
 40, 30, 1530
 27, 36, 1530
  3, 25, 1531
  9, 33, 1531
 11, 33, 1531
 12, 33, 1531
 38, 33, 1531
 35, 34, 1532
  6, 30, 1533
  7, 30, 1533
 39, 33, 1533
 35, 35, 1533
 20, 36, 1533
 33, 36, 1533
 32, 37, 1533
  2, 24, 1534
  4, 28, 1534
 18, 36, 1534
 32, 36, 1534
  9, 32, 1535
 24, 37, 1535
 27, 38, 1535
 21, 37, 1536
 28, 37, 1536
  1, 23, 1537
  5, 29, 1537
 13, 34, 1537
 17, 36, 1537
  3, 27, 1538
  6, 29, 1538
  1, 25, 1540
 36, 35, 1540
 28, 38, 1540
 34, 35, 1541
 31, 37, 1541
  2, 26, 1542
 37, 34, 1542
 14, 36, 1542
 23, 37, 1542
 29, 37, 1542
  4, 29, 1543
 10, 33, 1543
 15, 35, 1543
 27, 37, 1544
 22, 37, 1545
 25, 37, 1546
 23, 38, 1548
  8, 32, 1549
 11, 34, 1549
 38, 34, 1549
 12, 35, 1549
 13, 35, 1549
 14, 35, 1549
 15, 37, 1549
 18, 37, 1549
  3, 28, 1550
 40, 32, 1550
 19, 38, 1550
  1, 24, 1552
 16, 36, 1552
 33, 37, 1552
 26, 38, 1552
 26, 39, 1552
  2, 25, 1553
  1, 26, 1553
  8, 33, 1553
 34, 36, 1553
  2, 27, 1554
 16, 37, 1554
 17, 37, 1555
  6, 31, 1556
 15, 36, 1556
 20, 38, 1556
 22, 38, 1556
  4, 30, 1557
  5, 30, 1557
  7, 33, 1557
 39, 34, 1557
 14, 37, 1557
 35, 36, 1558
 24, 38, 1558
  2, 28, 1559
 25, 38, 1559
  6, 32, 1560
 10, 34, 1560
 13, 36, 1560
  9, 34, 1561
  8, 34, 1562
 11, 35, 1562
 36, 36, 1562
 30, 37, 1562
 31, 38, 1562
  1, 27, 1563
  3, 29, 1563
 21, 39, 1563
 19, 37, 1564
  7, 32, 1565
 21, 38, 1565
 29, 38, 1565
 18, 38, 1567
 30, 38, 1568
 23, 39, 1568
  3, 30, 1569
 20, 39, 1569
  5, 31, 1570
 40, 34, 1570
  6, 34, 1571
 38, 35, 1571
 34, 37, 1571
 31, 39, 1571
 32, 38, 1573
 25, 39, 1573
 28, 39, 1574
 27, 39, 1576
  5, 33, 1577
 13, 38, 1577
 33, 38, 1577
  1, 28, 1578
  4, 31, 1578
 40, 33, 1578
 11, 36, 1578
 12, 37, 1578
  7, 34, 1579
 36, 37, 1579
 24, 39, 1579
 37, 35, 1580
 10, 36, 1580
 16, 39, 1580
 13, 37, 1581
 17, 38, 1581
 15, 38, 1583
  5, 32, 1584
 12, 36, 1586
 38, 36, 1587
 29, 39, 1587
 37, 36, 1588
 16, 38, 1588
 25, 40, 1588
  1, 29, 1589
 35, 37, 1589
 27, 40, 1589
  6, 33, 1590
 32, 39, 1590
 10, 35, 1591
 39, 36, 1591
  9, 35, 1592
 14, 38, 1592
 22, 39, 1592
 30, 39, 1592
  2, 29, 1593
  4, 32, 1594
 33, 39, 1594
 34, 38, 1596
 14, 39, 1597
 11, 37, 1599
 10, 37, 1600
 22, 40, 1600
 15, 39, 1601
 39, 35, 1602
  3, 31, 1604
 21, 40, 1605
 29, 40, 1606
  8, 35, 1607
  9, 36, 1607
 40, 35, 1608
 18, 39, 1608
 30, 40, 1609
  1, 30, 1610
 36, 38, 1610
 11, 38, 1611
 19, 40, 1612
 37, 37, 1614
 35, 38, 1614
  2, 31, 1615
 38, 37, 1619
 19, 39, 1619
 20, 40, 1619
 24, 40, 1619
  2, 30, 1620
 37, 38, 1620
  3, 32, 1621
  8, 36, 1622
  7, 35, 1623
  6, 35, 1625
  5, 34, 1626
 23, 40, 1626
 13, 39, 1628
  6, 36, 1632
  9, 38, 1632
 12, 39, 1636
 32, 40, 1637
 16, 40, 1640
  4, 33, 1641
 34, 39, 1641
  1, 31, 1645
  7, 36, 1645
 40, 36, 1645
 17, 39, 1649
  9, 37, 1651
  2, 32, 1654
 39, 37, 1657
 26, 40, 1659
 18, 40, 1661
 12, 38, 1670
 17, 40, 1674
 10, 38, 1679
 28, 40, 1688
 14, 40, 1692
 15, 40, 1712
 35, 39, 1719
  3, 33, 1733
  4, 34, 1733
  5, 35, 1733
 38, 38, 1741
 12, 40, 1741
 31, 40, 1742
 36, 39, 1744
 37, 39, 1745
 33, 40, 1746
  7, 37, 1748
 11, 39, 1750
  8, 37, 1752
 39, 38, 1754
  1, 32, 1756
 13, 40, 1756
  9, 39, 1757
 34, 40, 1757
 38, 39, 1759
  3, 34, 1760
  2, 33, 1761
  5, 36, 1763
  1, 33, 1765
 10, 39, 1765
 40, 37, 1766
 11, 40, 1766
  7, 38, 1768
  8, 38, 1771
 36, 40, 1771
  6, 37, 1772
  3, 35, 1773
 40, 39, 1774
 37, 40, 1774
  2, 35, 1779
  1, 34, 1783
  4, 36, 1784
 35, 40, 1784
  4, 37, 1785
  9, 40, 1786
  4, 35, 1787
  8, 39, 1787
  2, 34, 1788
  3, 36, 1789
  6, 38, 1789
  7, 39, 1790
 10, 40, 1790
  5, 37, 1792
  5, 38, 1793
 39, 39, 1794
  6, 39, 1802
  2, 36, 1804
 40, 38, 1806
 38, 40, 1806
  8, 40, 1808
  4, 38, 1811
  1, 35, 1817
  3, 38, 1824
  5, 39, 1827
  4, 39, 1828
  6, 40, 1840
  7, 40, 1840
  3, 37, 1841
  3, 39, 1842
  1, 36, 1844
  2, 37, 1852
  5, 40, 1863
  2, 39, 1873
 40, 40, 1875
 39, 40, 1881
  2, 38, 1885
  4, 40, 1892
  1, 37, 1894
  3, 40, 1911
  2, 40, 1912
  1, 39, 1931
  1, 38, 1942
  1, 40, 1959
