36, 1,33,16,3
  6, 33,  446
 22, 34,  447
  5, 32,  448
 22, 33,  448
 15, 35,  448
 11, 32,  449
 26, 32,  449
 28, 32,  449
 13, 34,  449
 25, 34,  449
 11, 35,  449
 14, 30,  450
 26, 31,  450
  8, 32,  450
 19, 32,  450
 27, 33,  450
 14, 34,  450
 26, 34,  450
 12, 35,  450
  4, 36,  450
  7, 36,  450
 22, 36,  450
 23, 28,  451
 16, 30,  451
  7, 31,  451
 11, 31,  451
 22, 31,  451
 10, 32,  451
  8, 33,  451
  9, 33,  451
 12, 33,  451
 24, 33,  451
 25, 33,  451
 10, 34,  451
 12, 34,  451
 15, 34,  451
 18, 34,  451
  5, 35,  451
 14, 35,  451
 26, 35,  451
 12, 36,  451
 13, 36,  451
 20, 36,  451
 15, 37,  451
 26, 38,  451
 21, 24,  452
  9, 27,  452
 15, 27,  452
 19, 28,  452
 19, 29,  452
 11, 30,  452
 13, 31,  452
 24, 31,  452
  9, 32,  452
 14, 32,  452
  5, 33,  452
 15, 33,  452
 19, 33,  452
 23, 33,  452
 28, 33,  452
  5, 34,  452
  8, 34,  452
  6, 35,  452
  8, 35,  452
  9, 35,  452
 23, 35,  452
 27, 35,  452
 24, 36,  452
 24, 38,  452
 20, 25,  453
  7, 28,  453
  7, 29,  453
  9, 29,  453
 16, 29,  453
 24, 29,  453
 25, 29,  453
  8, 30,  453
 12, 30,  453
 24, 30,  453
  8, 31,  453
 16, 31,  453
 17, 32,  453
 21, 32,  453
 23, 32,  453
 25, 32,  453
 27, 32,  453
 11, 33,  453
 21, 33,  453
 26, 33,  453
 29, 33,  453
 30, 33,  453
  3, 34,  453
  9, 34,  453
 25, 35,  453
  9, 36,  453
 16, 36,  453
 10, 37,  453
 14, 37,  453
 22, 37,  453
 30, 37,  453
 13, 24,  454
 13, 27,  454
 22, 27,  454
 14, 28,  454
 21, 28,  454
 23, 29,  454
  4, 30,  454
 15, 30,  454
 26, 30,  454
 28, 30,  454
 21, 31,  454
 23, 31,  454
 27, 31,  454
 15, 32,  454
 18, 32,  454
 20, 32,  454
 24, 32,  454
 10, 33,  454
 14, 33,  454
 32, 33,  454
 23, 34,  454
 24, 34,  454
 28, 34,  454
 28, 35,  454
 31, 35,  454
 19, 36,  454
 21, 36,  454
 23, 36,  454
  8, 37,  454
 17, 37,  454
 20, 37,  454
 21, 37,  454
 27, 37,  454
 15, 24,  455
 10, 26,  455
 11, 26,  455
 17, 26,  455
 18, 27,  455
 20, 27,  455
  9, 28,  455
  6, 29,  455
  8, 29,  455
 10, 29,  455
 18, 29,  455
  7, 30,  455
 13, 30,  455
 29, 30,  455
 10, 31,  455
 12, 31,  455
 15, 31,  455
 25, 31,  455
 28, 31,  455
 12, 32,  455
 13, 32,  455
 16, 32,  455
 22, 32,  455
 32, 32,  455
 13, 33,  455
 20, 33,  455
  6, 34,  455
 11, 34,  455
 19, 34,  455
 29, 34,  455
 16, 35,  455
 18, 35,  455
 19, 35,  455
 21, 35,  455
 22, 35,  455
 29, 35,  455
 14, 36,  455
 15, 36,  455
 18, 36,  455
 26, 36,  455
 28, 36,  455
  7, 38,  455
 10, 38,  455
 22, 38,  455
 23, 38,  455
 13, 39,  455
 21, 39,  455
 24, 39,  455
 19, 23,  456
 13, 25,  456
 19, 25,  456
 12, 26,  456
 14, 26,  456
 16, 26,  456
 21, 26,  456
  8, 27,  456
 16, 27,  456
 19, 27,  456
 10, 28,  456
 11, 28,  456
 15, 28,  456
 17, 28,  456
 15, 29,  456
 21, 29,  456
 22, 29,  456
  6, 30,  456
 10, 30,  456
  5, 31,  456
 20, 31,  456
 16, 33,  456
 18, 33,  456
 31, 33,  456
 16, 34,  456
 20, 34,  456
 32, 34,  456
  7, 35,  456
 10, 35,  456
  5, 36,  456
 10, 36,  456
 11, 36,  456
 19, 37,  456
 23, 37,  456
 29, 37,  456
 11, 38,  456
 14, 38,  456
  7, 39,  456
  8, 39,  456
 17, 22,  457
 10, 24,  457
 16, 24,  457
 17, 24,  457
 17, 25,  457
 21, 25,  457
 22, 25,  457
  9, 26,  457
 13, 26,  457
 27, 26,  457
 10, 27,  457
 27, 27,  457
 28, 27,  457
  5, 28,  457
  8, 28,  457
 13, 28,  457
 24, 28,  457
 20, 29,  457
 28, 29,  457
  5, 30,  457
  9, 30,  457
 19, 30,  457
 21, 30,  457
 22, 30,  457
 27, 30,  457
 30, 30,  457
  4, 31,  457
  6, 31,  457
  9, 31,  457
 18, 31,  457
 19, 31,  457
 17, 33,  457
 17, 34,  457
 27, 34,  457
 17, 35,  457
  8, 36,  457
 25, 36,  457
 29, 36,  457
 33, 36,  457
 11, 37,  457
 13, 37,  457
 24, 37,  457
 28, 37,  457
 13, 38,  457
 16, 38,  457
 28, 38,  457
 30, 38,  457
 18, 39,  457
 27, 39,  457
 12, 40,  457
 10, 22,  458
 16, 23,  458
 10, 25,  458
 11, 25,  458
 16, 25,  458
 15, 26,  458
 19, 26,  458
 20, 26,  458
 22, 26,  458
 23, 26,  458
 24, 27,  458
 25, 27,  458
 16, 28,  458
 18, 28,  458
 26, 28,  458
 17, 29,  458
 26, 29,  458
 18, 30,  458
 20, 30,  458
 25, 30,  458
  7, 32,  458
 29, 32,  458
  2, 33,  458
  3, 33,  458
  7, 33,  458
  4, 34,  458
 24, 35,  458
 30, 35,  458
  6, 36,  458
 27, 36,  458
 31, 36,  458
  4, 37,  458
  9, 37,  458
 16, 37,  458
 18, 37,  458
 19, 38,  458
 22, 39,  458
 17, 17,  459
 10, 21,  459
 13, 22,  459
 15, 22,  459
 10, 23,  459
 12, 24,  459
 14, 25,  459
 18, 25,  459
 23, 25,  459
 24, 26,  459
  5, 27,  459
 21, 27,  459
 23, 27,  459
 26, 27,  459
  6, 28,  459
 20, 28,  459
 25, 28,  459
 27, 28,  459
  5, 29,  459
 11, 29,  459
 12, 29,  459
 14, 29,  459
 27, 29,  459
 17, 31,  459
  4, 32,  459
  6, 32,  459
 33, 32,  459
  4, 33,  459
  7, 34,  459
 21, 34,  459
 30, 34,  459
 13, 35,  459
 32, 35,  459
 34, 35,  459
 30, 36,  459
 32, 36,  459
  6, 37,  459
  7, 37,  459
 15, 38,  459
 12, 39,  459
 28, 39,  459
 29, 39,  459
 30, 39,  459
 11, 40,  459
 19, 21,  460
 18, 22,  460
 13, 23,  460
 11, 24,  460
 18, 24,  460
 23, 24,  460
  5, 25,  460
 15, 25,  460
  7, 26,  460
 18, 26,  460
  6, 27,  460
 11, 27,  460
 12, 27,  460
 14, 27,  460
 12, 28,  460
 22, 28,  460
 28, 28,  460
 13, 29,  460
 30, 29,  460
 17, 30,  460
 23, 30,  460
  3, 31,  460
 14, 31,  460
 29, 31,  460
 30, 32,  460
 31, 32,  460
  3, 35,  460
  4, 35,  460
 20, 35,  460
 33, 35,  460
 12, 37,  460
 33, 37,  460
  2, 38,  460
  3, 38,  460
  4, 38,  460
  9, 38,  460
 27, 38,  460
  9, 39,  460
 10, 39,  460
 11, 39,  460
 14, 39,  460
 20, 39,  460
 25, 39,  460
 21, 40,  460
 23, 40,  460
 25, 40,  460
 29, 40,  460
 15, 21,  461
 21, 21,  461
 12, 23,  461
 18, 23,  461
  6, 25,  461
 12, 25,  461
 25, 25,  461
 28, 25,  461
 26, 26,  461
 17, 27,  461
  3, 30,  461
 32, 30,  461
  2, 31,  461
 30, 31,  461
 31, 31,  461
 32, 31,  461
  3, 32,  461
  2, 34,  461
  2, 35,  461
  3, 36,  461
 25, 37,  461
 31, 37,  461
  5, 38,  461
 12, 38,  461
 17, 38,  461
 18, 38,  461
 20, 38,  461
 15, 39,  461
 17, 39,  461
 19, 39,  461
 26, 39,  461
 31, 39,  461
 26, 40,  461
 27, 40,  461
 28, 40,  461
 15, 18,  462
 17, 19,  462
 20, 20,  462
 13, 21,  462
 22, 21,  462
 24, 22,  462
 14, 23,  462
 22, 23,  462
  9, 24,  462
 19, 24,  462
 20, 24,  462
 24, 25,  462
 26, 25,  462
  3, 28,  462
 29, 28,  462
  2, 29,  462
 29, 29,  462
  2, 30,  462
 31, 30,  462
 34, 33,  462
 31, 34,  462
 33, 34,  462
 17, 36,  462
  2, 37,  462
 26, 37,  462
 21, 38,  462
 25, 38,  462
 32, 38,  462
  5, 39,  462
 23, 39,  462
  9, 40,  462
 16, 40,  462
 22, 40,  462
 18, 20,  463
 19, 20,  463
 14, 21,  463
 16, 21,  463
 17, 21,  463
 12, 22,  463
 14, 22,  463
 19, 22,  463
 20, 22,  463
 21, 22,  463
 15, 23,  463
 17, 23,  463
 21, 23,  463
 26, 24,  463
  9, 25,  463
  8, 26,  463
 29, 27,  463
 30, 27,  463
  4, 28,  463
 30, 28,  463
  3, 29,  463
  5, 37,  463
 32, 37,  463
  8, 38,  463
 29, 38,  463
 31, 38,  463
 17, 40,  463
 30, 40,  463
 13, 19,  464
 14, 20,  464
 17, 20,  464
 24, 21,  464
 11, 23,  464
 24, 23,  464
 14, 24,  464
 24, 24,  464
  8, 25,  464
 25, 26,  464
  7, 27,  464
 31, 29,  464
 32, 29,  464
  2, 32,  464
 33, 33,  464
 35, 35,  464
  1, 36,  464
  6, 38,  464
  3, 39,  464
  8, 40,  464
 10, 40,  464
 18, 19,  465
 20, 21,  465
 25, 22,  465
  7, 23,  465
 22, 24,  465
 25, 24,  465
 27, 25,  465
  5, 26,  465
 28, 26,  465
 29, 26,  465
  2, 28,  465
  1, 29,  465
 34, 29,  465
 33, 31,  465
  1, 33,  465
  2, 36,  465
 19, 40,  465
 20, 40,  465
 32, 40,  465
 16, 19,  466
 20, 19,  466
 16, 20,  466
 20, 23,  466
  8, 24,  466
  7, 25,  466
  4, 27,  466
 31, 27,  466
 31, 28,  466
 33, 30,  466
  1, 32,  466
  1, 34,  466
  1, 35,  466
 33, 38,  466
 34, 38,  466
 16, 39,  466
 33, 39,  466
 13, 40,  466
 14, 40,  466
 15, 17,  467
 12, 19,  467
 21, 20,  467
 18, 21,  467
 11, 22,  467
 16, 22,  467
 22, 22,  467
  9, 23,  467
  7, 24,  467
 28, 24,  467
  3, 25,  467
 29, 25,  467
  6, 26,  467
 32, 27,  467
  4, 29,  467
 33, 29,  467
 35, 30,  467
  1, 31,  467
 34, 31,  467
 35, 34,  467
  5, 40,  467
  6, 40,  467
 15, 40,  467
 24, 40,  467
 33, 40,  467
 18, 17,  468
 17, 18,  468
 22, 18,  468
 14, 19,  468
 15, 19,  468
 19, 19,  468
 10, 20,  468
 12, 21,  468
  8, 23,  468
 23, 23,  468
 26, 23,  468
 34, 30,  468
 34, 32,  468
 35, 32,  468
 35, 33,  468
 36, 35,  468
  6, 39,  468
  4, 40,  468
 14, 18,  469
 19, 18,  469
 13, 20,  469
 15, 20,  469
 11, 21,  469
 23, 22,  469
 27, 24,  469
  4, 25,  469
 31, 26,  469
 32, 28,  469
 35, 29,  469
  1, 30,  469
 34, 36,  469
  3, 37,  469
 35, 37,  469
 36, 37,  469
  1, 38,  469
 32, 39,  469
  7, 40,  469
 31, 40,  469
 18, 16,  470
 14, 17,  470
 16, 18,  470
 11, 20,  470
 12, 20,  470
 23, 20,  470
  7, 22,  470
  5, 24,  470
 30, 26,  470
 33, 28,  470
 35, 31,  470
 34, 37,  470
 34, 39,  470
 16, 17,  471
 18, 18,  471
 11, 19,  471
 22, 19,  471
  8, 20,  471
 22, 20,  471
  9, 21,  471
 23, 21,  471
 28, 23,  471
  4, 24,  471
  6, 24,  471
 32, 26,  471
  3, 27,  471
  1, 28,  471
 34, 34,  471
 37, 35,  471
 36, 36,  471
 18, 40,  471
 12, 18,  472
 13, 18,  472
 21, 18,  472
 21, 19,  472
 30, 23,  472
  2, 26,  472
 33, 26,  472
 34, 28,  472
 36, 33,  472
  4, 39,  472
 34, 40,  472
 20, 16,  473
 10, 18,  473
 20, 18,  473
  9, 20,  473
 24, 20,  473
 27, 21,  473
  9, 22,  473
  5, 23,  473
  6, 23,  473
 25, 23,  473
 27, 23,  473
  2, 27,  473
 36, 32,  473
 36, 34,  473
 18, 15,  474
 12, 16,  474
  9, 19,  474
 23, 19,  474
 24, 19,  474
 25, 20,  474
  8, 21,  474
 25, 21,  474
  5, 22,  474
 29, 22,  474
 29, 24,  474
 30, 25,  474
 34, 27,  474
 36, 29,  474
  2, 39,  474
  3, 40,  474
 16, 15,  475
 15, 16,  475
 19, 16,  475
  6, 22,  475
 26, 22,  475
 28, 22,  475
 38, 31,  475
 37, 32,  475
 35, 36,  475
  1, 37,  475
 14, 15,  476
 12, 17,  476
 23, 18,  476
  6, 20,  476
 26, 21,  476
  8, 22,  476
 27, 22,  476
 31, 23,  476
  1, 24,  476
  3, 26,  476
  4, 26,  476
 33, 27,  476
 37, 29,  476
 36, 31,  476
  1, 39,  476
  2, 40,  476
 19, 17,  477
 24, 17,  477
 10, 19,  477
 25, 19,  477
  7, 21,  477
 29, 23,  477
 34, 25,  477
  1, 26,  477
 37, 34,  477
 38, 35,  477
 15, 14,  478
 21, 16,  478
 20, 17,  478
 21, 17,  478
 22, 17,  478
 24, 18,  478
 32, 24,  478
 37, 33,  478
 39, 36,  478
 36, 38,  478
 35, 40,  478
 15, 15,  479
  9, 17,  479
 25, 18,  479
 27, 19,  479
 27, 20,  479
 31, 25,  479
 32, 25,  479
 38, 33,  479
 35, 38,  479
 13, 16,  480
 14, 16,  480
 16, 16,  480
 10, 17,  480
 11, 18,  480
 26, 19,  480
  2, 25,  480
 35, 28,  480
 35, 39,  480
 36, 39,  480
  1, 40,  480
  3, 24,  481
 30, 24,  481
 36, 30,  481
 38, 36,  481
 37, 38,  481
 13, 15,  482
 22, 16,  482
 25, 17,  482
  8, 19,  482
  7, 20,  482
 26, 20,  482
  3, 23,  482
  1, 27,  482
 36, 28,  482
 37, 30,  482
 37, 31,  482
 37, 36,  482
 17, 16,  483
 23, 17,  483
 28, 21,  483
  4, 23,  483
  1, 25,  483
 34, 26,  483
 39, 35,  483
 12, 15,  484
 19, 15,  484
 24, 16,  484
 11, 17,  484
 13, 17,  484
  9, 18,  484
  6, 19,  484
 29, 21,  484
 32, 23,  484
 35, 27,  484
 36, 40,  484
 14, 14,  485
 17, 15,  485
 20, 15,  485
 24, 15,  485
  4, 20,  485
 28, 20,  485
  1, 23,  485
  2, 23,  485
 31, 24,  485
 35, 25,  485
 37, 28,  485
 38, 32,  485
 38, 34,  485
 37, 37,  485
 21, 14,  486
  6, 21,  486
  4, 22,  486
 30, 22,  486
 33, 24,  486
 35, 24,  486
 35, 26,  486
 39, 32,  486
 18, 14,  487
 11, 15,  487
 23, 15,  487
  2, 24,  487
 33, 25,  487
 39, 33,  487
 17, 13,  488
 17, 14,  488
 22, 15,  488
  8, 18,  488
 27, 18,  488
 38, 30,  488
 38, 37,  488
 21, 15,  489
 11, 16,  489
 23, 16,  489
  7, 19,  489
  5, 21,  489
 31, 21,  489
 33, 22,  489
 36, 27,  489
 37, 27,  489
 39, 39,  489
 25, 16,  490
 26, 18,  490
  5, 20,  490
  4, 21,  490
  3, 22,  490
 16, 14,  491
 26, 16,  491
 26, 17,  491
 31, 20,  491
 31, 22,  491
 34, 24,  491
 39, 31,  491
 38, 38,  491
 18, 13,  492
  8, 17,  492
 30, 20,  492
  2, 22,  492
 37, 26,  492
 37, 39,  492
 13, 14,  493
  9, 16,  493
 10, 16,  493
 28, 19,  493
  2, 21,  493
 30, 21,  493
 39, 34,  493
 40, 34,  493
 37, 40,  493
 14, 13,  494
 31, 19,  494
 38, 28,  494
 38, 29,  494
 39, 30,  494
 40, 35,  494
 27, 17,  495
 36, 26,  495
 39, 37,  495
  7, 18,  496
 30, 19,  496
 29, 20,  496
  3, 21,  496
 16, 12,  497
 19, 14,  497
 20, 14,  497
  7, 17,  497
  5, 19,  497
 32, 21,  497
 38, 40,  497
 23, 14,  498
  9, 15,  498
  8, 16,  498
  6, 18,  498
 29, 19,  498
 36, 25,  498
 22, 14,  499
 28, 18,  499
 29, 18,  499
  1, 22,  499
 38, 27,  499
 18, 12,  500
 15, 13,  500
 25, 14,  500
 10, 15,  500
  4, 19,  500
 33, 21,  500
 36, 24,  500
 38, 26,  500
 23, 13,  501
 26, 15,  501
 34, 23,  501
 40, 31,  501
 17, 12,  502
 16, 13,  502
 20, 13,  502
 11, 14,  502
 24, 14,  502
 32, 22,  502
 40, 33,  502
  7, 16,  503
 28, 17,  503
 33, 23,  503
 20, 11,  504
 21, 13,  504
  6, 17,  504
 35, 23,  504
 39, 26,  504
 39, 38,  504
 19, 13,  505
 12, 14,  505
  3, 19,  505
 37, 25,  505
 39, 29,  505
 40, 30,  505
 40, 36,  505
 40, 37,  505
 38, 39,  505
 14, 12,  506
 10, 14,  506
  3, 20,  506
 34, 22,  507
 40, 38,  507
 20, 12,  508
 25, 15,  508
 39, 28,  508
  9, 14,  509
 38, 25,  509
 39, 40,  509
 12, 12,  510
 15, 12,  510
 22, 12,  510
  8, 15,  510
  5, 17,  510
 34, 21,  510
 40, 39,  510
 27, 15,  511
  5, 18,  511
 35, 22,  511
 36, 23,  511
 40, 32,  511
 11, 13,  512
 22, 13,  512
  4, 18,  512
 33, 20,  512
 28, 15,  513
 28, 16,  513
 30, 18,  513
  2, 20,  513
  6, 16,  514
  1, 21,  514
 24, 12,  515
 13, 13,  515
 37, 24,  515
  4, 17,  516
 30, 17,  516
 40, 29,  516
 12, 11,  517
 19, 12,  517
 12, 13,  517
 27, 16,  517
 31, 18,  517
 40, 28,  517
 32, 20,  518
 29, 17,  519
 40, 27,  519
 17, 10,  520
 17, 11,  520
 18, 11,  520
 21, 12,  521
 24, 13,  521
  8, 14,  521
 27, 14,  521
  5, 16,  521
 36, 22,  521
 39, 27,  521
  1, 20,  522
 29, 16,  523
 37, 23,  523
 38, 24,  523
 11, 12,  524
 29, 15,  524
 31, 17,  524
 39, 24,  524
 13, 11,  525
  2, 18,  525
 34, 20,  525
 19, 10,  526
 16, 11,  526
 10, 13,  526
 32, 18,  526
 10, 12,  527
 21, 11,  529
 19, 11,  530
  7, 15,  530
  1, 19,  530
 40, 25,  530
 40, 40,  530
 23, 12,  531
 33, 18,  531
 35, 20,  531
 13, 12,  533
 33, 19,  533
  6, 15,  534
  3, 18,  534
 32, 19,  534
 15, 11,  535
  3, 16,  535
  7, 14,  536
 40, 26,  536
  7, 13,  537
 39, 25,  537
 22, 10,  538
  6, 14,  539
 38, 23,  539
 16, 10,  540
 21, 10,  540
 26, 13,  540
 26, 14,  540
 11, 11,  541
 25, 12,  541
  9, 13,  541
  2, 19,  541
 14, 11,  543
 18, 10,  544
  6, 13,  544
  3, 17,  544
 34, 19,  544
 38, 21,  544
  5, 15,  545
 35, 21,  545
 23, 11,  546
 15, 10,  548
 22, 11,  548
 25, 13,  549
 28, 14,  549
  5, 14,  550
 17,  9,  552
 20, 10,  552
 30, 16,  552
 16,  9,  554
  7, 12,  555
 18,  9,  557
 26, 12,  558
 37, 22,  558
  2, 17,  559
 31, 16,  560
  4, 15,  563
  8, 13,  564
 24, 10,  565
 28, 13,  565
 30, 15,  565
 19,  9,  568
 24, 11,  580
 32, 17,  681
  8, 11,  687
 25, 10,  688
 37, 21,  688
  9, 12,  689
 20,  9,  691
  9, 10,  692
 40, 24,  693
  4, 16,  694
 25, 11,  695
 29, 14,  696
  3, 15,  696
  8, 12,  697
  1, 18,  697
  1, 17,  700
 36, 20,  700
 36, 21,  700
 38, 22,  700
 11, 10,  702
 27, 13,  702
 33, 16,  702
 14, 10,  703
 30, 14,  703
 13, 10,  704
 33, 17,  704
 10, 10,  705
 10, 11,  705
 34, 18,  705
 14,  9,  706
 35, 19,  706
 39, 22,  706
 17,  8,  707
 23, 10,  707
 27, 12,  708
  4, 14,  708
  2, 16,  708
 32, 16,  708
 38, 20,  709
 15,  9,  710
  5, 13,  710
 31, 15,  711
 37, 20,  711
 23,  9,  712
  1, 16,  712
 31, 14,  713
 32, 15,  713
 36, 19,  713
 12, 10,  715
 29, 13,  715
  9, 11,  716
 30, 13,  716
 35, 18,  716
 40, 23,  716
 26, 11,  717
 28, 11,  718
 39, 23,  719
 22,  9,  720
  4, 13,  720
 21,  9,  721
 28, 12,  721
 19,  8,  722
 33, 15,  722
 34, 16,  722
 12,  9,  723
 30, 12,  723
 32, 13,  723
 36, 18,  723
 14,  8,  724
 31, 13,  724
 32, 14,  724
 39, 21,  724
  3, 14,  725
  2, 15,  725
 35, 17,  725
 25,  9,  726
 15,  8,  728
 16,  8,  728
 11,  9,  728
  6, 12,  728
 29, 12,  728
 33, 14,  728
 20,  7,  729
 18,  8,  729
 24,  8,  729
 26, 10,  729
  3, 12,  729
 40, 21,  729
 21,  8,  730
  6, 11,  730
 37, 18,  730
 13,  8,  731
 20,  8,  731
  6, 10,  731
  5, 11,  731
  5, 12,  731
 23,  8,  732
  7, 11,  732
 34, 17,  732
 13,  9,  733
 36, 17,  734
 37, 17,  734
 22,  8,  735
 24,  9,  735
 10,  9,  737
 34, 15,  737
 18,  7,  738
 11,  8,  738
  7,  9,  738
  8, 10,  738
 25,  8,  739
 26,  9,  739
 40, 20,  739
 21,  7,  740
 37, 19,  740
 14,  7,  741
 17,  7,  741
 29, 11,  741
  4, 12,  741
 38, 19,  741
  7, 10,  742
 33, 12,  742
 35, 16,  742
 13,  7,  743
 27, 11,  743
 34, 14,  743
  8,  9,  744
 28, 10,  744
  6,  9,  745
 40, 22,  745
 12,  8,  746
 29, 10,  746
 30, 10,  746
  9,  8,  747
  9,  9,  747
 27, 10,  747
 36, 16,  747
 15,  7,  748
 22,  7,  748
 28,  9,  748
  4, 11,  748
  3, 13,  748
 24,  7,  749
 31, 12,  749
 33, 13,  749
 39, 19,  749
  2, 14,  750
  1, 15,  750
 11,  7,  751
 19,  7,  751
 10,  8,  751
  5, 10,  751
 32, 12,  751
 35, 15,  751
 17,  6,  752
  2, 13,  752
 13,  6,  753
 16,  6,  753
 16,  7,  753
 31, 11,  753
 15,  6,  754
 14,  6,  755
 27,  8,  755
 31, 10,  755
 38, 18,  755
 39, 20,  755
  1, 14,  757
 10,  7,  758
 10,  6,  759
 30, 11,  759
 17,  5,  760
 34, 11,  760
 35, 14,  760
 39, 17,  761
 12,  7,  762
 23,  7,  762
 37, 16,  762
 38, 17,  762
 12,  6,  763
 20,  6,  763
 27,  9,  763
  3, 11,  763
 34, 13,  763
  6,  8,  764
 26,  8,  764
  4,  9,  764
 36, 15,  764
 19,  6,  765
  8,  8,  765
  1, 12,  765
 38, 16,  765
 21,  5,  766
 22,  6,  766
  7,  8,  766
 29,  9,  766
 35, 13,  766
 40, 19,  766
 23,  6,  767
  7,  7,  767
  3, 10,  767
  2, 11,  767
  1, 13,  767
 18,  6,  768
  9,  7,  770
 26,  7,  770
 11,  6,  771
 21,  6,  771
 25,  6,  771
  4, 10,  771
 40, 18,  771
 34, 12,  772
 18,  5,  773
 28,  8,  774
 36, 14,  774
 39, 18,  774
 15,  5,  775
 32, 11,  775
 25,  7,  777
 30,  9,  777
  2, 12,  777
 28,  7,  778
 37, 15,  778
 13,  5,  780
 19,  5,  780
 31,  9,  781
 38, 15,  781
 29,  8,  782
 32, 10,  783
 15,  4,  784
 16,  5,  784
  4,  8,  784
  5,  9,  784
 39, 16,  784
  6,  7,  785
 23,  5,  786
 33, 11,  786
 37, 13,  786
  5,  8,  787
 24,  5,  791
  8,  6,  791
  9,  6,  791
 26,  6,  791
 14,  5,  792
 24,  6,  792
 33, 10,  793
 36, 13,  793
 20,  5,  794
  3,  9,  794
 16,  3,  795
 27,  7,  795
 26,  5,  796
 37, 14,  797
  2, 10,  798
 10,  5,  801
  8,  7,  801
 17,  4,  803
 35, 12,  803
 18,  4,  804
 31,  8,  805
  1, 10,  806
 14,  4,  808
 22,  5,  809
 40, 17,  809
  7,  5,  810
 40, 16,  811
 12,  5,  814
 36, 12,  814
 21,  4,  815
 11,  5,  820
  2,  9,  820
  1, 11,  822
 35, 11,  823
  8,  5,  824
 29,  7,  827
  2,  8,  827
 16,  4,  828
 25,  5,  828
 19,  4,  829
 27,  6,  842
 37, 12,  847
 28,  6,  853
 30,  8,  853
  7,  6,  890
 19,  3,  895
 27,  5,  900
 32,  9,  900
 34, 10,  901
 25,  3,  902
 23,  4,  903
  3,  8,  906
 38, 14,  906
 40, 15,  906
 22,  3,  907
 33,  9,  907
 12,  3,  908
 32,  8,  909
 13,  4,  910
 29,  6,  910
 15,  3,  911
 12,  4,  911
 35, 10,  911
 39, 15,  911
 34,  9,  912
 17,  3,  913
 30,  7,  914
 39, 13,  914
 21,  3,  915
  8,  4,  915
  6,  6,  915
 20,  4,  916
 22,  4,  917
  2,  7,  917
  4,  7,  917
  5,  7,  917
  1,  9,  917
 18,  3,  918
 10,  4,  918
 11,  4,  918
 26,  4,  918
  4,  6,  919
 33,  8,  919
 14,  2,  920
 13,  3,  920
  9,  5,  920
 25,  4,  921
 28,  5,  921
 29,  5,  921
 36, 10,  921
 36, 11,  921
 24,  4,  922
  5,  6,  923
  3,  7,  923
 38, 12,  923
 40, 14,  923
 24,  3,  924
  9,  4,  924
  6,  5,  924
 31,  7,  924
 36,  9,  924
 37, 10,  924
 37, 11,  924
 39, 14,  924
 16,  2,  925
 20,  3,  926
 28,  4,  926
 29,  4,  926
  1,  8,  926
 19,  1,  927
 30,  6,  927
  3,  6,  928
 19,  2,  930
 11,  3,  931
 23,  3,  931
 36,  8,  931
 38, 13,  931
  7,  4,  932
 27,  4,  932
 31,  6,  932
  7,  3,  933
 14,  3,  933
 32,  7,  933
 12,  2,  934
 21,  2,  934
 17,  2,  936
 37,  9,  936
 40, 13,  936
 31,  5,  937
 33,  6,  937
 33,  7,  937
 35,  9,  937
 18,  2,  938
  8,  3,  938
  4,  5,  938
 32,  5,  938
  2,  6,  938
 35,  8,  938
 20,  2,  939
 22,  2,  939
  5,  5,  939
 10,  3,  940
  6,  4,  940
 30,  5,  940
 32,  6,  940
 13,  1,  941
 11,  2,  941
  9,  3,  941
  3,  5,  941
 34,  8,  941
 38, 11,  941
  7,  2,  942
 34,  7,  942
 13,  2,  943
 15,  2,  943
 16,  1,  944
 10,  2,  944
 24,  1,  945
  1,  7,  945
 38, 10,  945
 39, 12,  945
 33,  4,  946
 21,  1,  947
  9,  2,  947
 27,  3,  947
 28,  3,  947
 40, 12,  947
 14,  1,  948
 17,  1,  948
 20,  1,  948
 23,  2,  948
 15,  1,  949
 28,  1,  949
 27,  2,  949
 39, 11,  949
 18,  1,  951
  5,  4,  951
 35,  7,  951
 10,  1,  952
 11,  1,  952
 24,  2,  952
 25,  2,  952
 30,  4,  952
 31,  4,  952
 36,  6,  952
 36,  7,  952
 22,  1,  953
  6,  2,  953
 26,  2,  953
 30,  3,  953
 35,  6,  953
  8,  2,  954
  4,  4,  954
 34,  6,  954
 23,  1,  955
 26,  3,  955
  2,  5,  955
  5,  3,  956
  1,  5,  956
 33,  5,  956
 26,  1,  957
 29,  3,  957
 12,  1,  958
 37,  7,  958
 37,  8,  958
 25,  1,  959
  6,  3,  959
 38,  9,  959
 39, 10,  959
 28,  2,  960
 38,  8,  960
 32,  4,  961
  4,  3,  962
 31,  3,  962
  1,  6,  962
 30,  2,  963
  3,  3,  963
 32,  3,  963
  1,  4,  964
 40, 11,  964
  8,  1,  965
  9,  1,  965
 34,  5,  965
 40, 10,  965
  2,  4,  966
  5,  2,  967
  3,  4,  967
 34,  4,  967
 29,  2,  968
 39,  9,  968
 27,  1,  970
 40,  9,  972
 35,  5,  974
  4,  2,  975
 31,  2,  975
 39,  7,  975
  7,  1,  976
 36,  5,  976
 39,  8,  976
  1,  2,  977
 30,  1,  978
 37,  5,  979
 32,  2,  980
 33,  3,  980
 36,  3,  981
 37,  6,  981
  3,  1,  983
 38,  6,  983
  6,  1,  984
  2,  3,  984
 31,  1,  985
  3,  2,  985
  5,  1,  986
 29,  1,  986
 33,  2,  986
 35,  3,  986
 39,  6,  988
 38,  7,  989
 34,  3,  991
 40,  8,  993
 34,  2,  994
 37,  4,  994
 40,  7,  994
 35,  4,  995
 36,  4,  995
  2,  2,  996
  1,  3,  996
 32,  1,  999
  4,  1, 1000
 39,  5, 1000
 40,  6, 1001
 34,  1, 1003
 38,  5, 1005
 35,  2, 1011
 37,  3, 1013
 38,  4, 1013
 33,  1, 1014
  2,  1, 1021
 39,  4, 1022
 36,  2, 1023
 40,  5, 1027
 35,  1, 1029
 37,  2, 1029
 38,  3, 1031
 37,  1, 1042
  1,  1, 1043
 38,  1, 1043
 38,  2, 1043
 40,  4, 1049
 36,  1, 1055
 39,  3, 1065
 39,  2, 1072
 40,  2, 1188
 40,  3, 1194
 39,  1, 1232
 40,  1, 1250
